gene	degree	betweenness	rank
FBgn0000063	613	4430.28189401419	1613.5
FBgn0000075	167	793.564271643413	740.25
FBgn0000092	175	560.440677940759	685.75
FBgn0000120	377	2690.64894811563	1373.75
FBgn0000147	288	1454.63256821061	1098.75
FBgn0000115	156	397.94488059634	577
FBgn0000276	19	518.562644630093	403.5
FBgn0000299	109	58.2162693900624	241
FBgn0000097	204	275.473900801801	596.75
FBgn0000163	550	3643.96119663897	1572.75
FBgn0000317	162	192.116718972774	460
FBgn0000084	302	1278.67177079205	1093.75
FBgn0000233	105	130.106951793027	302.25
FBgn0000351	227	386.40158745903	694.75
FBgn0000449	156	124.421799314114	395.5
FBgn0000426	292	736.686165568851	932.5
FBgn0000504	316	1006.64090372073	1054.5
FBgn0000416	159	146.049468607424	422.25
FBgn0000319	454	1690.92719570385	1359.25
FBgn0000318	404	956.194921032177	1151.5
FBgn0000535	153	467.922559205448	600.75
FBgn0001086	17	2.53968050893317	23.5
FBgn0000592	110	52.0610640231183	232.5
FBgn0000568	170	132.524804445227	433.25
FBgn0000536	240	1113.15668442874	958.25
FBgn0000357	48	19.493113681919	87.25
FBgn0000581	271	603.289976335761	855
FBgn0001229	126	128.846362825831	340
FBgn0000711	373	1414.10165202609	1216
FBgn0001108	121	191.695889411396	378.5
FBgn0001235	465	2125.89639297782	1422
FBgn0001247	214	731.486049029669	810
FBgn0001281	472	1544.80531352381	1351.25
FBgn0000618	48	31.1500152177169	100.75
FBgn0001233	97	508.65971483488	511.75
FBgn0001234	22	2.11162710843817	27.5
FBgn0000047	8	1.36734515091067	11
FBgn0000003	19	0.55778348944347	20
FBgn0001197	387	564.947923517191	1010
FBgn0001169	207	344.576494246219	642
FBgn0001324	289	978.18721786461	998
FBgn0001624	325	1065.22764444075	1081.75
FBgn0001301	175	581.692737218691	695.75
FBgn0000032	186	280.434764400586	571
FBgn0001986	310	891.694578022005	1010.5
FBgn0002121	263	984.0586399335	961.25
FBgn0002354	624	2758.71168422693	1582.5
FBgn0001114	104	44.256873365185	208.75
FBgn0002579	331	505.695134518517	919.5
FBgn0002868	497	1648.23320256682	1385.5
FBgn0002283	281	1494.68119480679	1095.5
FBgn0002526	122	66.0400641047254	273.25
FBgn0000542	193	362.903996136539	629.25
FBgn0002936	106	175.685380283648	341
FBgn0002183	148	1717.38512715054	909.5
FBgn0002431	445	1473.07684327861	1307.5
FBgn0002948	523	2565.05909370295	1507.75
FBgn0002645	269	447.385431411445	791.75
FBgn0003016	402	745.440600779674	1084.75
FBgn0002905	163	414.126268931906	598.75
FBgn0002938	73	69.7678657953936	183
FBgn0031874	397	1857.68476483762	1314
FBgn0001970	28	83.1829444274381	137.5
FBgn0031886	563	2202.93188944081	1503.5
FBgn0002924	126	169.109137143424	372.5
FBgn0031909	550	2661.66526396174	1536.25
FBgn0031894	169	1276.25904379817	873.75
FBgn0031972	515	1562.07671401821	1388.75
FBgn0031977	469	1371.44336170205	1315.5
FBgn0031979	628	2526.29565699491	1566
FBgn0031897	183	315.489078789905	581.5
FBgn0031948	123	127.002144530539	332
FBgn0031986	127	142.442583853661	356.5
FBgn0031980	253	419.580677063735	759.25
FBgn0031992	408	757.954331292738	1096.25
FBgn0032002	150	197.293301457887	442
FBgn0032014	600	2126.38803630004	1515.75
FBgn0032034	283	409.355638776438	793.5
FBgn0032057	386	967.532170902565	1132.5
FBgn0031990	430	3145.72565262843	1458.5
FBgn0032010	79	170.287815857739	285
FBgn0003053	285	719.594980460573	914.75
FBgn0032200	513	1565.04452201281	1387.75
FBgn0031879	74	34.9179725884989	142
FBgn0003046	128	166.706446884066	376.25
FBgn0032208	437	1067.5425704828	1214.75
FBgn0032240	200	359.126507613167	639.5
FBgn0032050	71	22.7718114167385	126
FBgn0032086	248	373.809592530332	726.75
FBgn0032251	262	584.662743235836	839.75
FBgn0032236	174	89.5066879085259	402
FBgn0032136	327	1374.69757568811	1152
FBgn0032395	330	432.208036078848	886
FBgn0032414	74	138.682013113858	253
FBgn0032340	167	395.812362994032	596.75
FBgn0032341	385	1293.9692161496	1208
FBgn0032430	115	163.252672075562	344.5
FBgn0032293	204	398.966602184189	667.75
FBgn0032429	273	358.360279612894	753.5
FBgn0032478	154	181.834454646067	434.5
FBgn0032483	600	3413.76247492131	1594.75
FBgn0032362	156	201.87402432701	457.5
FBgn0032485	259	1585.65302779287	1089.25
FBgn0032482	297	1252.63572611475	1076
FBgn0032516	308	605.127293993084	920.75
FBgn0032505	125	315.516387747495	466.25
FBgn0032602	350	1227.92160178953	1153.5
FBgn0032286	9	2.17999019064048	14.25
FBgn0032634	396	1208.70431832902	1201.5
FBgn0032679	416	1666.38112163783	1314.75
FBgn0032730	510	2533.92033925954	1493.5
FBgn0032595	135	73.9837546607593	304
FBgn0032725	361	506.234776688951	960
FBgn0032728	89	499.149854985716	490.25
FBgn0032731	147	248.553129472137	469.75
FBgn0032732	311	463.109509435631	870
FBgn0032666	102	252.781874108085	388.75
FBgn0032733	496	1882.88461749296	1411.5
FBgn0032741	151	107.839102967354	366.5
FBgn0032789	456	1847.00705525809	1377.75
FBgn0032683	173	510.520473383771	665.25
FBgn0032598	76	232.366522853631	323
FBgn0032805	362	1183.41973425541	1160.5
FBgn0032810	519	2755.40103393632	1519.25
FBgn0032422	102	51.2845473318863	215.25
FBgn0032897	138	115.433515641435	353
FBgn0032008	49	9.80159618568998	75.25
FBgn0032921	390	1121.00593156006	1176.5
FBgn0002931	92	118.927945858819	265.25
FBgn0032847	304	734.822305149146	955.5
FBgn0033052	234	409.911101037242	720.75
FBgn0032900	409	1997.70683264597	1346.75
FBgn0032873	243	512.273368882065	784
FBgn0033075	373	1062.10919715311	1139.5
FBgn0033133	368	1018.39589071756	1125.75
FBgn0033184	242	578.671474931396	806
FBgn0033190	542	2226.13348233915	1496
FBgn0033081	342	2340.54952913193	1304.25
FBgn0033199	389	648.918065361753	1040.25
FBgn0033240	377	1382.81136741855	1215.75
FBgn0033340	573	2425.09513737662	1528.5
FBgn0032961	51	53.3428671232633	133.5
FBgn0033341	618	2401.53181160918	1552.25
FBgn0033352	588	3491.03572145565	1590.75
FBgn0033169	119	697.364094087508	620.5
FBgn0033357	645	2295.58902630155	1557.5
FBgn0033376	160	130.987162786435	409.75
FBgn0033378	423	936.586121604471	1166.25
FBgn0033342	249	960.949626514232	936
FBgn0033440	89	125.608511987993	266.25
FBgn0033442	254	698.972003493605	868
FBgn0033429	690	3401.78265914336	1624
FBgn0033104	162	82.2739297488064	365.5
FBgn0033460	253	873.501523991869	915.75
FBgn0033159	239	1518.89221205784	1036.5
FBgn0033271	36	18.0742503442048	69
FBgn0033481	626	4111.10181337053	1618.5
FBgn0033501	305	796.983274880743	970.5
FBgn0033480	378	725.958479007899	1052.25
FBgn0033547	403	1002.02638678276	1160.75
FBgn0033548	442	843.346125611656	1156.25
FBgn0033451	173	367.131566686263	596.25
FBgn0033540	143	182.37310115125	415
FBgn0033246	196	469.509628839062	686
FBgn0033549	508	1531.56133943029	1372.75
FBgn0033605	331	759.151509815606	1005.5
FBgn0033608	300	441.720991492076	840.25
FBgn0033557	167	279.824623260546	531.75
FBgn0033554	234	378.320617868657	704.75
FBgn0033638	619	2446.60640405479	1555.5
FBgn0033687	468	1264.3616308323	1294
FBgn0033690	643	2430.40752671187	1565.5
FBgn0033502	245	1329.44696710241	1013.5
FBgn0033661	229	478.151977722162	741
FBgn0033691	542	1648.15755243004	1424
FBgn0033698	421	1168.38988407376	1224.5
FBgn0033693	135	195.059509322754	411.75
FBgn0033736	597	1957.9465748041	1492
FBgn0000277	21	2276.05023417588	766.25
FBgn0033739	205	236.043143400066	574.5
FBgn0033644	106	43.8959683730572	212
FBgn0033817	404	1684.59359479889	1304
FBgn0033798	78	93.0901355118506	216.75
FBgn0033942	184	484.984383381535	673.5
FBgn0033375	82	97.4514609614478	226.5
FBgn0033907	461	1387.83526032152	1312.75
FBgn0033936	349	1457.43847219871	1195.5
FBgn0033891	300	750.18144565405	951.75
FBgn0033984	231	1076.30208323263	934.5
FBgn0034000	604	2478.13876272288	1551.75
FBgn0033584	118	96.0970811813902	294
FBgn0034033	384	1413.76473396529	1229.75
FBgn0034010	343	1169.97873947208	1133.25
FBgn0034050	456	1306.67850888532	1287.75
FBgn0033915	125	462.603113568055	544.25
FBgn0033979	121	115.063721319718	317.5
FBgn0000278	11	84.3123008650464	121.75
FBgn0033836	92	318.392563755295	403.75
FBgn0034059	535	1823.17752141206	1438.25
FBgn0033853	123	95.6317778189836	304
FBgn0034087	458	2265.36671848358	1431.25
FBgn0034103	228	435.376003059218	724
FBgn0034141	207	717.85069682953	794.5
FBgn0034070	192	978.929159786434	844.75
FBgn0033708	70	45.8066851055611	148
FBgn0034199	310	687.820107019049	951
FBgn0034231	185	309.682383079829	583.5
FBgn0034242	373	723.545994537346	1044.5
FBgn0034145	280	874.568147399706	950.25
FBgn0033961	135	54.4711247391808	285
FBgn0034245	565	1835.41607923562	1458.5
FBgn0034253	54	46.8456817682851	127.25
FBgn0034248	320	375.823877732643	842.25
FBgn0034290	277	1149.55397822646	1022.25
FBgn0034330	141	206.132095679029	434
FBgn0034301	570	1940.16159622757	1474.75
FBgn0034314	104	83.1651842450191	256.25
FBgn0034350	208	225.385462818926	571.75
FBgn0034400	373	1161.47441233074	1164.5
FBgn0034399	341	668.033116342175	987
FBgn0033980	115	287.746527487861	433
FBgn0034360	365	2265.44285133073	1329.25
FBgn0034443	137	123.705254812553	357.5
FBgn0034440	281	643.943105481557	881.5
FBgn0034474	134	114.866062625905	343
FBgn0034454	71	173.506884908508	274
FBgn0034470	119	54.4210247331057	251.5
FBgn0034442	589	2615.33461313092	1553.25
FBgn0034394	126	81.7535910468417	294.5
FBgn0034451	205	804.97364280431	814.5
FBgn0034475	198	259.592886206378	579
FBgn0034491	467	1370.7320549227	1313.25
FBgn0034534	221	241.90042531733	602
FBgn0034487	318	1234.20697105015	1111.75
FBgn0034535	297	283.703798235959	747.5
FBgn0034565	213	202.127735325788	562.5
FBgn0034517	246	394.618586541057	732.75
FBgn0034570	600	2598.44607346693	1557.75
FBgn0034246	265	901.524566694066	936.25
FBgn0034503	424	3036.8783094709	1443
FBgn0034599	403	902.279505460277	1130.25
FBgn0034605	173	263.078506201534	534.75
FBgn0034626	319	631.63282802984	947.25
FBgn0034060	124	263.319941378077	436.5
FBgn0034614	528	1658.38225212219	1415.5
FBgn0034645	495	1788.04366638926	1400
FBgn0034578	101	84.5560980308595	251.5
FBgn0033367	73	23.5512852835889	129
FBgn0034611	293	1474.10617329609	1113.5
FBgn0034646	604	3038.91306440551	1583.25
FBgn0034744	46	21.139451445875	86.5
FBgn0034734	222	505.579412577477	742.75
FBgn0034733	144	113.211081139929	360.5
FBgn0034750	447	1489.49863179769	1314
FBgn0033921	33	157.164993780038	208
FBgn0034479	16	47.1391146264837	78.5
FBgn0034745	290	1468.63609548764	1106.5
FBgn0034786	402	2353.14324191933	1375.25
FBgn0034792	323	1095.08408760491	1088
FBgn0034797	413	3375.96457958294	1445.5
FBgn0034800	675	3090.33032835744	1609.25
FBgn0034816	269	706.666060340531	887.75
FBgn0034849	202	476.456253185269	696.5
FBgn0034687	203	490.910144708482	705.75
FBgn0034924	408	950.710814970303	1153.75
FBgn0034903	92	151.192624559732	293.75
FBgn0034935	61	20.8586345610325	109.25
FBgn0034726	110	197.101945963711	366.5
FBgn0034928	590	2248.7324254259	1524.75
FBgn0034950	378	1294.49509456068	1199.75
FBgn0034957	224	1768.65638684044	1051.5
FBgn0034795	172	102.8422106082	406.75
FBgn0034940	69	56.9471724720649	164.75
FBgn0034942	458	3090.73562499922	1482.75
FBgn0034965	364	1531.06690588596	1229.75
FBgn0034985	217	404.776920229094	691
FBgn0034989	389	2317.8659551842	1361.75
FBgn0034975	502	1554.18752464978	1375
FBgn0034964	204	889.685948643853	837.75
FBgn0035001	333	608.900496592039	960.75
FBgn0034997	248	510.183701163897	792.75
FBgn0035031	712	3140.16002220407	1618
FBgn0035082	131	102.273608844365	325
FBgn0034785	298	853.645140414847	975.5
FBgn0035088	204	254.067155527757	583.75
FBgn0035138	634	3779.07816415274	1619
FBgn0035205	428	905.00156855813	1161.25
FBgn0035206	182	189.104700728134	496.25
FBgn0035099	179	621.833958114588	717.5
FBgn0035076	177	204.654555440605	504.5
FBgn0035173	194	217.345321403167	541.25
FBgn0035229	402	1005.68790918148	1158.75
FBgn0035238	448	1102.99087624217	1237.75
FBgn0035271	577	2046.11824038222	1495.75
FBgn0035331	88	165.900597940984	297
FBgn0035333	411	1275.67353652879	1234
FBgn0035335	467	1152.55617565999	1267.75
FBgn0035293	152	516.620042467391	624
FBgn0035356	564	2636.10909038122	1539.75
FBgn0035243	104	478.651129915091	512.25
FBgn0035323	286	434.887913771722	813.25
FBgn0035424	158	163.052220926272	430.75
FBgn0035409	525	3247.4386138846	1545.5
FBgn0035496	220	241.231506655294	599.5
FBgn0032104	32	11.6917463673447	54
FBgn0035480	169	677.952047087715	713.75
FBgn0035521	314	888.865511080867	1016
FBgn0035528	497	1989.56181641281	1427.5
FBgn0035251	162	450.283203061343	612.5
FBgn0035589	226	830.907205443168	854
FBgn0035572	232	267.13007646425	637.25
FBgn0035590	228	535.624983061594	764
FBgn0035592	582	1914.37066903776	1478
FBgn0035625	347	2086.38467402211	1284.5
FBgn0035675	383	664.226187178397	1037.5
FBgn0035469	197	135.167465328844	486.75
FBgn0035721	438	1486.26749210751	1303.25
FBgn0035355	313	1312.1989373874	1120.25
FBgn0035415	237	394.67309506638	717
FBgn0035722	425	785.201979469441	1120.75
FBgn0035624	105	90.3292144741619	267.25
FBgn0035640	256	797.351828021638	897.5
FBgn0035824	504	2117.31196282218	1449.75
FBgn0035829	391	1018.57331952329	1153.5
FBgn0035866	293	382.304360945797	798.5
FBgn0035906	555	1818.98263519547	1450.75
FBgn0035679	109	752.017721279077	619.5
FBgn0035953	120	1531.39731541607	823
FBgn0035949	63	87.0985646456279	190
FBgn0035952	308	1229.84800791487	1093.75
FBgn0035959	135	129.512470224453	360
FBgn0035965	388	1342.1471768138	1223
FBgn0036004	337	626.889093584218	969.75
FBgn0000358	7	5.68207454945205	18.5
FBgn0035727	41	51.7668571057111	116.75
FBgn0035977	168	1247.94956895899	865.25
FBgn0036056	79	442.051689166695	450.75
FBgn0035825	313	1528.07137201778	1159.25
FBgn0036018	644	2661.8033441104	1585.5
FBgn0035996	246	1476.95340319303	1043.5
FBgn0036057	79	442.051689166695	450.75
FBgn0036099	542	1752.82781108684	1437
FBgn0035581	49	24.6890412831955	98.25
FBgn0036118	600	1888.32481348908	1486.25
FBgn0034335	24	22.7656233211457	62.75
FBgn0036168	82	88.7294530948102	219
FBgn0036007	216	661.171229314294	788.5
FBgn0036015	19	2.98069696911171	26.5
FBgn0036116	98	186.924342667915	328.5
FBgn0036236	549	3467.7553480829	1569
FBgn0036198	432	1013.28783172376	1197.5
FBgn0036255	165	206.545418940268	477.25
FBgn0035880	188	108.961851633451	443.75
FBgn0035842	184	191.315224927905	503.5
FBgn0036135	144	170.123388209363	409
FBgn0036005	61	207.237032837394	287.75
FBgn0035741	147	387.88667783078	549.75
FBgn0036224	131	284.836241581918	465
FBgn0036306	228	330.798217359148	665.5
FBgn0036390	146	592.109165020615	637.75
FBgn0036237	237	1021.74937854548	931
FBgn0036389	336	923.459292850968	1057.5
FBgn0036398	322	1071.33076165706	1080
FBgn0036395	103	259.522488520644	395
FBgn0036446	517	1913.92694700232	1436.25
FBgn0036335	187	287.82496511513	577.25
FBgn0036463	458	1274.39080003317	1285.25
FBgn0036277	129	127.353978995696	345.25
FBgn0036488	361	722.65748295608	1034.5
FBgn0000279	5	0.814587319194863	7.5
FBgn0036405	150	424.41755259456	575
FBgn0036545	624	2372.34846569113	1553.5
FBgn0036381	78	20.7712743337147	131.75
FBgn0036489	248	325.083214024395	695.75
FBgn0036567	557	2561.31953645089	1529.5
FBgn0036571	358	810.905484252923	1055.5
FBgn0036454	214	904.407544583433	859
FBgn0036576	180	267.177351563388	553.5
FBgn0035861	46	18.5126662034966	83
FBgn0036580	571	1999.69323252896	1484.25
FBgn0036615	463	2653.96831454744	1467.5
FBgn0036621	450	1425.32657998354	1306.25
FBgn0036406	116	192.453706567589	369.75
FBgn0036417	109	59.2771884536421	242
FBgn0036629	557	2037.38990338956	1481
FBgn0036643	280	608.892996696096	871.25
FBgn0036666	641	2206.54885133962	1546.25
FBgn0036667	545	1970.78884169361	1465
FBgn0036581	251	193.206723182821	619.5
FBgn0036668	251	626.49505797603	839
FBgn0036679	108	130.163464429899	309.25
FBgn0034741	30	56.2563322877699	109
FBgn0036563	74	669.435166421918	526
FBgn0036728	99	338.990715757672	430
FBgn0036732	307	806.033669549642	978.5
FBgn0036740	269	1241.5891229543	1030.75
FBgn0036696	457	1317.54948042245	1293.5
FBgn0036746	532	2279.33760559257	1491.75
FBgn0036117	58	61.8692494007003	157
FBgn0036751	498	2038.59045180236	1436
FBgn0036770	187	225.290729191547	534.75
FBgn0036467	26	2.90757395398097	34.25
FBgn0036587	121	53.0046701255982	253
FBgn0036821	194	443.775843154852	672.25
FBgn0036816	111	134.590349318853	320.25
FBgn0036838	328	1145.40776301469	1105
FBgn0036641	136	110.876764762493	343.5
FBgn0036846	548	3453.75327369141	1567.25
FBgn0036909	237	428.934740573284	736.5
FBgn0036918	501	2505.56336319661	1482
FBgn0036761	341	675.137794001887	989.5
FBgn0036956	60	227.728941086103	300
FBgn0036876	97	64.503646934083	222.75
FBgn0036925	443	1707.63771538868	1349.75
FBgn0036979	442	1785.62815277043	1355.25
FBgn0036745	298	754.349389055071	948.5
FBgn0036837	118	118.295079011616	315
FBgn0036990	412	2060.55192366834	1359.25
FBgn0037010	328	2186.51994077167	1272
FBgn0036847	348	784.016884691533	1030
FBgn0036998	122	68.7229523087172	274.75
FBgn0037019	500	2383.5298835503	1472.25
FBgn0037050	385	1736.34445291836	1286.5
FBgn0036772	78	232.762123104856	327.75
FBgn0036991	159	209.421838450026	469.75
FBgn0034990	44	16.1174600493829	76
FBgn0036822	38	7.80003021426859	57.5
FBgn0037042	297	1226.86394572502	1069.5
FBgn0037094	301	887.172321604275	991.5
FBgn0037115	496	1999.25944427742	1428
FBgn0037156	513	4133.85001043409	1549.75
FBgn0037110	221	309.622848668766	640.5
FBgn0037144	53	17.5429806602553	92.25
FBgn0037063	292	561.974090013957	873.5
FBgn0037122	232	451.139194857064	736.75
FBgn0037199	585	1844.92580451974	1471
FBgn0037222	341	830.994959189767	1034.5
FBgn0037301	561	1661.20596510146	1437.25
FBgn0037313	284	569.349039427641	863.75
FBgn0037363	223	580.160654967344	773
FBgn0037299	179	397.316705278299	624.5
FBgn0037359	470	1517.42892610338	1341
FBgn0037330	300	860.434681830747	982.25
FBgn0037445	202	420.894450436654	673
FBgn0037061	124	102.005632804554	309.5
FBgn0037464	367	1031.55395258911	1129.5
FBgn0037602	463	1744.09077997762	1374
FBgn0037603	272	352.859193559864	748.25
FBgn0037312	257	345.17928446047	726
FBgn0037630	162	277.422943885683	519
FBgn0037469	220	903.932703326293	866
FBgn0037731	235	663.318004921866	821.25
FBgn0037540	274	709.343295935532	897.75
FBgn0037841	172	354.551111488469	586.25
FBgn0037843	497	1982.91707587988	1427
FBgn0037883	153	650.950633408425	669.25
FBgn0037637	526	1589.52344707242	1403.75
FBgn0037885	197	483.590980475015	695.75
FBgn0036046	37	23.3173705986814	78.75
FBgn0036994	111	417.254139174292	500.25
FBgn0037578	166	218.300422529573	487.5
FBgn0037710	176	426.682692698202	633
FBgn0037468	64	57.4969064056003	159.25
FBgn0036805	24	244.746824702654	264.25
FBgn0037897	573	2176.65768703524	1506
FBgn0037970	396	2087.58444371854	1341.5
FBgn0037797	84	128.959598273957	259.75
FBgn0037898	134	232.484935172149	435.5
FBgn0038034	251	2158.00943157399	1148.5
FBgn0038016	283	1142.46574701428	1027.5
FBgn0038080	287	463.825161821435	825
FBgn0037888	51	50.1723481653422	128
FBgn0038045	585	2422.69984748895	1535
FBgn0038107	451	1794.29717025433	1368
FBgn0038108	533	1322.46701831351	1354
FBgn0037894	244	729.70194797939	858
FBgn0038037	93	239.167817894249	362
FBgn0038144	575	1894.1533221906	1473.75
FBgn0038088	38	121.260147414499	185
FBgn0038148	435	1479.71961850468	1298.75
FBgn0038206	281	822.951973210126	937
FBgn0038303	403	1465.08067680368	1259.75
FBgn0037718	150	1233.311387372	823.5
FBgn0038233	173	600.215854537278	695.75
FBgn0038315	308	759.168814731595	970.25
FBgn0038320	272	342.55982586286	740.75
FBgn0038196	295	328.487990996516	767
FBgn0038344	348	936.40514556155	1079
FBgn0038311	132	160.448318035392	378
FBgn0038369	276	998.163105846958	983.25
FBgn0038235	177	292.387304150934	561.5
FBgn0038389	512	1368.09667549189	1348
FBgn0038106	185	179.397506137066	496
FBgn0038262	178	306.644285766554	570
FBgn0038425	346	903.009399990559	1065
FBgn0037997	107	161.452441806022	332
FBgn0038426	599	3633.93686170172	1597.5
FBgn0038381	235	719.060333014887	839.25
FBgn0038446	301	697.352699799807	937.5
FBgn0038139	101	91.437487438766	260.5
FBgn0038454	352	1645.53017558563	1237.25
FBgn0038146	59	48.8441649066115	138.25
FBgn0038428	399	1347.33769845071	1232.75
FBgn0038448	409	925.710541371985	1145.75
FBgn0038460	342	1542.74605576466	1203.75
FBgn0038488	465	1865.20324743297	1390
FBgn0038363	523	2039.80505404242	1461.25
FBgn0038447	90	301.443715523571	392.5
FBgn0038589	366	935.371173908751	1102.25
FBgn0038585	177	429.701835619987	638
FBgn0038596	245	816.654339921057	883
FBgn0037836	76	16.3459430847363	123
FBgn0038492	133	113.253823124387	339.5
FBgn0038651	144	137.573673003876	387
FBgn0038619	460	2557.62137665651	1456
FBgn0038590	360	846.866980531048	1068.25
FBgn0038692	375	1763.99349614022	1276.25
FBgn0038737	434	1613.22621285349	1324.5
FBgn0038437	113	64.1689442856536	253.75
FBgn0038806	518	1550.72821057028	1389.75
FBgn0038376	82	236.584512689992	339
FBgn0038808	302	353.748227377847	799.25
FBgn0038830	448	1290.85552645991	1278.25
FBgn0038858	315	504.547719409079	893.75
FBgn0038868	281	342.027371982278	751
FBgn0038826	173	345.29014994273	583.25
FBgn0038675	173	196.787387040627	489.75
FBgn0038893	330	940.404042478579	1057.5
FBgn0038958	168	296.412498323363	544.25
FBgn0038976	612	2441.64399679078	1551
FBgn0039025	328	538.730147149487	927
FBgn0038660	196	562.712048430019	723.5
FBgn0038473	78	59.7962463053273	181.75
FBgn0038679	111	131.73067621136	317.25
FBgn0038744	139	131.508624682803	370.75
FBgn0039149	309	1641.39496133973	1174.75
FBgn0039026	364	736.881615755557	1041.75
FBgn0039170	338	2329.09879859403	1298
FBgn0038977	421	1351.25899211247	1260.5
FBgn0039204	266	837.34970118577	919
FBgn0039116	201	366.331452247529	645
FBgn0039126	225	229.228580600805	597.25
FBgn0039145	86	220.924513681173	333
FBgn0039212	197	263.840584548467	580.25
FBgn0039205	606	2327.6852430381	1541
FBgn0039172	356	499.726284394376	947.5
FBgn0039218	590	2183.01148399784	1518.25
FBgn0038930	73	27.9277965909279	134
FBgn0039219	557	1972.55824628006	1472.5
FBgn0039051	97	407.033399287358	465.25
FBgn0039259	244	317.188414482002	683.5
FBgn0039209	213	273.459149088163	610.5
FBgn0039104	54	35.3682616154842	116.75
FBgn0039298	286	1381.00068534828	1084.25
FBgn0039337	460	1538.49389851399	1339
FBgn0039402	110	269.980525524743	416.5
FBgn0039326	126	82.3382948149276	295.5
FBgn0039302	363	860.645571191147	1075.75
FBgn0003082	539	3206.24798761187	1554.75
FBgn0039300	278	506.04269126275	831.5
FBgn0003159	536	1576.7909804777	1410
FBgn0003249	66	98.8279352869098	203.25
FBgn0003218	484	1245.26803171972	1299.5
FBgn0039207	93	83.369396235748	235
FBgn0003189	207	536.323909899043	733.5
FBgn0003277	419	1944.25210366337	1350.75
FBgn0039324	98	316.053606712451	414.5
FBgn0003308	152	225.450675139421	465
FBgn0003356	11	0.405189772128727	13.75
FBgn0039214	221	279.402952797093	624.5
FBgn0003334	213	857.108486861383	843.5
FBgn0003275	440	1429.97313810004	1294.75
FBgn0003396	229	362.49205754882	687.5
FBgn0003257	83	352.160544162956	409.75
FBgn0003416	322	1020.70460726462	1067
FBgn0003520	351	1200.30083185554	1148.75
FBgn0003514	122	238.650497355887	417.25
FBgn0003607	258	327.487218021952	713
FBgn0003656	510	1733.91800401904	1408.5
FBgn0003687	603	2393.2127723204	1543.25
FBgn0003137	165	165.227587591122	443.25
FBgn0003391	199	1417.89716747821	957
FBgn0003449	352	980.737640111001	1098.25
FBgn0003861	373	2107.0483495181	1315.5
FBgn0003741	536	2578.57402753852	1518
FBgn0003891	447	2982.7749309777	1465
FBgn0004132	374	921.284728147663	1102
FBgn0004167	577	3950.97899523407	1591.25
FBgn0004367	680	2730.13261559269	1597.5
FBgn0004364	156	225.849638547902	475.5
FBgn0039052	25	21.5583588441398	61
FBgn0004391	323	329.325477511158	818.5
FBgn0004370	225	505.288335871401	745.75
FBgn0004606	229	403.588064360159	709
FBgn0004647	299	1210.61437220438	1072.25
FBgn0004456	141	273.17126110512	478.5
FBgn0004598	328	690.085306716587	978.5
FBgn0004855	436	823.897049742162	1144.25
FBgn0004860	194	970.232699749458	845.75
FBgn0004838	175	262.371344101786	539.25
FBgn0004859	224	373.544958776732	682
FBgn0004864	359	1887.04887564602	1276.5
FBgn0004852	120	287.074537168728	443
FBgn0004893	143	123.050970627117	368
FBgn0004373	256	329.561700579491	715
FBgn0004872	353	1163.57127752169	1146.25
FBgn0004885	102	108.373186749116	274.75
FBgn0004957	402	1044.51068256328	1169.25
FBgn0004607	148	3182.02305360824	1031.5
FBgn0004861	452	1582.80014290215	1342
FBgn0004924	252	389.436404747682	741.75
FBgn0004513	331	1971.64509545394	1250
FBgn0005278	110	293.749360637934	430.5
FBgn0005198	456	1650.23739765056	1354.75
FBgn0003676	129	846.701215105481	683.75
FBgn0005632	430	1269.82895949752	1256
FBgn0005654	173	426.041309458503	625.5
FBgn0039528	535	2038.54351840968	1467.25
FBgn0004908	293	920.409514598864	987.5
FBgn0003274	43	20.2632624458454	81.25
FBgn0005674	71	58.8377842825982	170.5
FBgn0039594	255	937.924054266263	941
FBgn0039611	289	1157.93583838528	1044
FBgn0039461	207	210.295527631223	560
FBgn0039563	584	2550.57112198527	1543
FBgn0039609	201	351.758594558951	635.5
FBgn0036263	19	15.450787446584	45
FBgn0039650	493	1356.49646210425	1327
FBgn0039504	286	645.009259685695	890.75
FBgn0039664	532	2216.49481397505	1484.25
FBgn0039687	589	2857.81057056364	1567.75
FBgn0005624	165	280.988857801205	528.25
FBgn0039637	283	952.516011325707	981
FBgn0039732	167	362.15267621813	579.75
FBgn0039748	340	1779.51887893626	1234.75
FBgn0039645	169	260.104624980624	525.25
FBgn0039731	292	566.852882898955	877
FBgn0039765	318	818.123578308345	1001.25
FBgn0039616	41	15.2424359369948	71.25
FBgn0039749	291	1311.83089956827	1078.75
FBgn0039727	155	338.765858696982	538.5
FBgn0039802	157	474.370048808021	612.25
FBgn0039766	666	3529.96826520962	1624
FBgn0039809	325	992.266702385877	1063.25
FBgn0039863	449	1571.43310634518	1336
FBgn0039612	56	19.1184558075532	100.25
FBgn0039848	240	609.919560064536	814.75
FBgn0039969	246	720.953479353957	860
FBgn0040007	301	842.616095193233	978.5
FBgn0040076	358	926.989296004417	1090.25
FBgn0039835	36	4.03516367717088	47.5
FBgn0039869	429	1571.25730196905	1313.25
FBgn0040104	298	1013.49835443829	1022.5
FBgn0039703	41	28.8442734370893	90.75
FBgn0039774	41	45.3646048495592	106.25
FBgn0038337	38	49.3839440714994	109.5
FBgn0040020	119	72.140019464871	270.5
FBgn0040233	134	91.1276834665066	323.5
FBgn0040260	50	170.332664393851	242.5
FBgn0003751	92	56.6846309727712	201.75
FBgn0040237	157	191.949552197767	450.75
FBgn0040345	284	1853.14603806562	1154.25
FBgn0039769	118	230.790934686305	402
FBgn0040347	647	3090.58336610373	1605
FBgn0040319	97	82.9211977370163	239.75
FBgn0040070	207	210.259518175795	559.5
FBgn0040256	175	973.192028877438	814.75
FBgn0040291	147	309.579196380468	504.75
FBgn0040333	157	705.049011238197	698.75
FBgn0040389	294	764.294865684394	945.25
FBgn0040394	303	556.26913956559	891.75
FBgn0040348	244	536.815654107196	793
FBgn0040534	306	510.034685189647	882
FBgn0040551	303	663.09258509283	930.25
FBgn0040077	358	926.989296004417	1090.25
FBgn0040512	102	184.787325530783	337.25
FBgn0040575	552	1653.65284894883	1431.5
FBgn0040623	543	2371.27899671577	1509
FBgn0040376	71	49.61514406366	155.5
FBgn0040234	35	249.814954235267	278.75
FBgn0040733	36	12.7156769433623	61
FBgn0040588	230	672.553181335209	816
FBgn0040650	316	862.333125634451	1013
FBgn0040666	349	558.17985789419	960.5
FBgn0040751	728	3915.81699964376	1636
FBgn0040660	271	308.927153052637	718
FBgn0040754	548	1533.17673568463	1405.75
FBgn0040763	250	321.120621908194	697.25
FBgn0040773	448	1031.47061101208	1219.25
FBgn0040775	511	2028.75354632004	1446.5
FBgn0040786	424	1392.59559024136	1273.5
FBgn0040890	461	1311.08687345562	1295.75
FBgn0040899	707	3266.84543708232	1623
FBgn0040907	548	1443.64753702307	1388.75
FBgn0040923	501	2677.99519567328	1497
FBgn0040734	86	244.097367859557	351.25
FBgn0040793	155	86.843789791642	358.5
FBgn0040931	622	2253.21250659809	1541.25
FBgn0040752	177	398.803514154321	621.5
FBgn0041210	323	653.567696824342	958.5
FBgn0040397	167	329.01094956551	558.25
FBgn0041188	249	1078.85506179329	967.5
FBgn0041111	406	1067.87282879415	1182
FBgn0041588	330	619.67843895953	959.5
FBgn0042094	303	926.297133442902	1009.25
FBgn0042177	417	1206.58254507484	1225
FBgn0040674	252	632.583913372216	842.75
FBgn0042119	256	265.39699266731	679
FBgn0003366	33	49.2454599071327	101.5
FBgn0041181	77	57.6923028100304	176.5
FBgn0042126	38	29.8524615567596	88
FBgn0043002	213	364.085302488516	663.5
FBgn0043010	615	2013.77463272785	1511
FBgn0043012	217	568.161330328512	760.5
FBgn0043455	633	4206.43019048741	1621.75
FBgn0042213	294	589.1045545165	890.25
FBgn0043536	246	394.618586541057	732.75
FBgn0043884	604	2298.18389333225	1538.75
FBgn0043457	398	2692.36652177866	1398.25
FBgn0044030	555	2704.06639081839	1541.25
FBgn0041581	9	8.3736134323907	25.5
FBgn0044511	534	1575.66641865908	1406
FBgn0044020	267	287.866489164733	704.5
FBgn0045852	440	1568.43113337081	1322.75
FBgn0044048	132	196.49926985328	407
FBgn0042131	230	603.592155193836	792.5
FBgn0045866	379	1108.90002810485	1160.5
FBgn0047000	140	377.641328880603	536.75
FBgn0041707	130	90.1296824083193	314.25
FBgn0050035	138	130.432282621353	367
FBgn0050011	473	1754.26513100461	1382.75
FBgn0044812	10	605.548161335922	425.25
FBgn0046999	170	412.33450624801	613.75
FBgn0050005	95	60.2528232359628	214.25
FBgn0050036	274	1025.27408483281	988.25
FBgn0050172	154	155.750747613974	416.5
FBgn0039696	41	9.67691342348623	63.75
FBgn0040972	23	2.26399482120484	29.75
FBgn0050104	83	2111.21089948727	831.75
FBgn0050120	208	225.385462818926	571.75
FBgn0050109	115	336.800083964395	458
FBgn0042178	157	123.936745781002	397.75
FBgn0047114	477	1642.46652712366	1370
FBgn0050184	344	1235.70096256686	1148.5
FBgn0050197	233	1208.34020185193	967.5
FBgn0050343	377	1053.12227116942	1142.25
FBgn0050183	288	864.356518168787	962.25
FBgn0050185	272	544.50925973566	836.75
FBgn0050423	446	2684.7766327435	1451.75
FBgn0050461	509	2220.41447585287	1467.25
FBgn0050421	377	665.746062813066	1030.75
FBgn0050263	222	918.905352261206	874.25
FBgn0050462	509	2220.41447585287	1467.25
FBgn0050069	63	101.136838378405	201
FBgn0051051	255	405.232558720761	756.5
FBgn0051065	571	2962.09599558202	1559.25
FBgn0051092	226	392.713768293695	694.5
FBgn0050485	297	501.272834990794	857.5
FBgn0040705	54	33.786023679728	114.75
FBgn0051126	540	2671.15491063361	1530.25
FBgn0051005	177	743.27180487994	751.5
FBgn0051184	342	792.69080579518	1023.75
FBgn0050438	76	215.760780574492	312.5
FBgn0051202	494	3285.47861411654	1517.75
FBgn0051102	146	102.8312298697	352.25
FBgn0050481	242	292.680353648854	670.5
FBgn0051076	250	702.878816531906	862.75
FBgn0051133	269	358.729147501897	746.75
FBgn0051292	301	1216.40164040656	1077
FBgn0051155	84	104.511986974152	236.75
FBgn0051201	68	165.861749297557	263
FBgn0051219	342	3131.95436983901	1351.25
FBgn0050410	111	346.349971809589	462.75
FBgn0051360	412	578.046319122788	1043.75
FBgn0051036	56	31.8334498544947	116.25
FBgn0051249	167	200.774328640348	478.75
FBgn0051450	139	221.639148280255	438.75
FBgn0051473	380	1540.86124901906	1249.75
FBgn0051183	113	180.024138231612	354.75
FBgn0051460	430	1316.37812815666	1265.5
FBgn0051514	54	3450.3199791059	871.25
FBgn0051084	55	5.62458575266559	78.5
FBgn0051729	496	1594.50152168317	1376.5
FBgn0051635	384	1121.86123614165	1167.75
FBgn0051812	240	165.920030755442	578.25
FBgn0051457	59	119.980966366249	214.25
FBgn0051855	663	2621.06549034944	1585.25
FBgn0051779	115	254.781879243399	413
FBgn0051909	99	110.859308796501	269.5
FBgn0051922	584	3018.44104353445	1568.5
FBgn0051935	279	922.895477055591	964.5
FBgn0052022	408	908.751146885284	1139.25
FBgn0052069	663	2780.66978794217	1595.25
FBgn0050050	34	3.67977718553049	44.25
FBgn0052107	299	737.05973541962	946.25
FBgn0052113	343	879.560852464088	1053.25
FBgn0052194	38	43.6319001958806	100
FBgn0051950	240	960.976723992175	920.25
FBgn0052109	429	828.485801934248	1138.75
FBgn0052230	252	257.194598671435	667.25
FBgn0052152	150	214.825771377845	453.5
FBgn0051510	99	123.30289525996	282.5
FBgn0052238	94	53.2863518120365	202
FBgn0051715	157	212.58443428776	469.25
FBgn0052296	412	1383.38388531264	1258.75
FBgn0052267	318	908.661760011033	1028.25
FBgn0052262	308	941.7666746625	1025.25
FBgn0052412	26	280.128864280906	288.75
FBgn0052441	354	1154.7595652538	1145
FBgn0052278	88	42.7484076295254	174
FBgn0052581	81	24.3656144242163	145.25
FBgn0004191	11	19.2168278861941	45.25
FBgn0052448	568	1921.68885665742	1471.5
FBgn0052473	237	688.143964073746	833
FBgn0052344	115	145.673878464594	333.5
FBgn0052451	202	233.884059472372	565.5
FBgn0052647	509	2920.04126612137	1515
FBgn0052368	159	311.945053489597	532.75
FBgn0052551	382	1150.58988032834	1174
FBgn0052783	184	163.697054214756	483.5
FBgn0039325	17	80.3258940846965	119.5
FBgn0051957	44	13.6597489711571	73.5
FBgn0052055	21	43.0611128776822	79.25
FBgn0052726	607	4439.41794893825	1611.75
FBgn0052786	206	490.520523148313	711.75
FBgn0052856	564	2863.89623313287	1553.25
FBgn0052654	608	2651.22766228165	1567
FBgn0052669	182	235.06025593323	532.75
FBgn0053169	638	2354.82843883405	1558.5
FBgn0052391	32	8.31748991197262	49
FBgn0052590	93	45.6876479874305	188
FBgn0053109	125	360.895872346851	495.25
FBgn0053170	598	3772.59225568129	1599.25
FBgn0053196	212	324.478731633422	634
FBgn0053144	265	324.918330919423	717.25
FBgn0053213	247	529.719950579228	798
FBgn0052668	100	45.9959975167269	202.5
FBgn0052602	23	42.0900103128991	79.25
FBgn0052409	92	147.603917711461	291.25
FBgn0053276	363	662.699652348703	1015.75
FBgn0053208	400	2787.82424066169	1405.5
FBgn0052537	67	492.527407185355	451.75
FBgn0052667	140	116.063198867059	359.25
FBgn0053774	530	1517.05399040191	1387
FBgn0053914	105	249.467796671635	392.25
FBgn0053978	271	1090.69569573963	1000
FBgn0053556	130	461.843922982876	554.75
FBgn0054001	344	1509.85159039752	1199.5
FBgn0054005	244	609.703226039961	820
FBgn0053200	90	47.4625679591585	185
FBgn0053977	254	225.588716066344	649
FBgn0054008	396	1088.09374953251	1174
FBgn0054025	290	708.355480237613	922
FBgn0061361	404	913.389001210308	1136.75
FBgn0061198	442	1163.99668386803	1245.25
FBgn0058002	492	1088.21311406093	1268.5
FBgn0061362	404	913.389001210308	1136.75
FBgn0051663	51	33.366941844383	109.5
FBgn0053198	101	57.2652410991198	222
FBgn0053288	179	234.648087859537	529
FBgn0063670	336	1021.08003153856	1086
FBgn0066084	584	2030.78799740858	1494.5
FBgn0052831	86	1258.20642262929	706.25
FBgn0053965	132	77.3652756014407	302.5
FBgn0069923	508	1409.84518757484	1350.25
FBgn0083121	458	1464.17439358762	1319.75
FBgn0083167	391	808.112928652357	1091
FBgn0053964	135	195.059509322754	411.75
FBgn0083953	453	1167.38465276438	1259.25
FBgn0067622	200	359.126507613167	639.5
FBgn0083956	180	323.825693795259	581.5
FBgn0083961	675	3061.2643119623	1608.75
FBgn0083986	328	615.416523317099	956
FBgn0085209	718	3659.37673068547	1632.75
FBgn0085220	99	23.5776012839171	177.5
FBgn0085212	326	784.583451314902	1000.5
FBgn0085229	354	563.975527280583	972.5
FBgn0058470	30	61.4384509853265	116
FBgn0085236	652	2474.31387086971	1572
FBgn0085237	76	32.5581058789176	142.5
FBgn0085201	194	196.722346672595	526.75
FBgn0085243	399	877.960343446589	1117.75
FBgn0083983	402	3153.97028430253	1424.25
FBgn0085257	507	1482.47377270386	1362
FBgn0052476	20	143.739723600403	185.75
FBgn0085271	635	2176.76819946188	1540.25
FBgn0085241	123	345.250707698215	482.5
FBgn0085260	289	1039.88189526666	1014
FBgn0085279	514	3097.04733112786	1529
FBgn0051286	50	56.0981918946701	135.5
FBgn0053530	52	76.7413796859752	159.5
FBgn0085290	371	2175.24239644195	1322
FBgn0082999	62	89.6069645215006	191.75
FBgn0085319	307	1646.58631047476	1171
FBgn0085334	330	1194.68492000846	1118.5
FBgn0085370	316	862.602689566293	1013.5
FBgn0085276	179	224.026720161963	520.5
FBgn0085344	173	426.041309458503	625.5
FBgn0085436	375	1885.25078512819	1290.25
FBgn0085330	152	189.644926852595	436
FBgn0085442	588	3444.27204319158	1588.25
FBgn0085450	350	1131.48801650624	1132
FBgn0066292	75	112.470891666498	226.25
FBgn0085358	56	25.7965336750226	111.75
FBgn0085284	78	8.45161888414877	115.25
FBgn0085468	639	2591.38810382126	1576.5
FBgn0085736	534	1891.49333778517	1446.5
FBgn0085766	507	1132.60838526651	1291.5
FBgn0085474	165	513.94399698663	647.75
FBgn0085320	47	3.96076257879567	62
FBgn0085772	317	353.885972999265	826
FBgn0085452	60	8.77068244629856	91
FBgn0085826	392	611.611006688709	1035.5
FBgn0086068	485	1441.82632435894	1338
FBgn0086368	167	134.723074432193	428.25
FBgn0086446	368	500.59550949976	962.25
FBgn0086134	149	97.9700108669716	355
FBgn0085475	261	497.725358306733	801.5
FBgn0085777	138	374.591326864921	529.5
FBgn0086451	272	647.810093825123	870.75
FBgn0086472	130	74.5267967345227	294.25
FBgn0086695	57	33.1507665303014	119
FBgn0086447	379	673.996682572209	1037
FBgn0086680	306	841.137041832362	986
FBgn0085817	103	172.567713124898	333
FBgn0086686	289	1417.40302309925	1096.5
FBgn0086710	118	74.104025140373	269
FBgn0086768	196	103.088923223525	452
FBgn0250788	361	700.005707576142	1027.5
FBgn0086367	161	248.608842609646	499.25
FBgn0087002	180	394.509071418756	623
FBgn0087005	240	414.003834205729	733.75
FBgn0250786	193	468.495119080838	678.75
FBgn0086690	379	1089.22755500821	1157
FBgn0087035	365	1164.26891529552	1161.25
FBgn0250789	400	976.160760063408	1149
FBgn0087011	68	63.0750822943654	170
FBgn0250868	341	3676.31378621142	1364.5
FBgn0259111	205	1196.79336116331	920.5
FBgn0086901	187	193.496861749292	512.25
FBgn0250862	648	2605.31947989044	1581.5
FBgn0250839	139	89.4206407248325	331.75
FBgn0259178	196	585.337166378463	734.5
FBgn0250851	276	557.650642049128	846
FBgn0259233	369	2394.29923635642	1343
FBgn0259209	293	534.19507246776	866.5
FBgn0259699	381	1653.7783330386	1272.5
FBgn0259211	277	851.659300511003	941.25
FBgn0259708	138	342.26777700765	509.25
FBgn0259234	282	552.205540702814	851.5
FBgn0259709	138	342.26777700765	509.25
FBgn0259700	386	1673.48038104793	1282
FBgn0259711	293	853.929029919395	968.5
FBgn0259707	292	1071.08936476904	1027
FBgn0259740	411	587.085190097378	1046
FBgn0259785	314	991.737782823285	1047.5
FBgn0259831	634	2285.33781626576	1551.5
FBgn0086348	79	43.9708926909892	160
FBgn0259101	19	4.89430650519662	30
FBgn0259735	154	108.727454726609	374.5
FBgn0259832	702	2817.01487688938	1603
FBgn0260003	268	354.415416043324	743.25
FBgn0259713	81	190.116449109844	300.75
FBgn0260008	548	1504.5473273662	1399.75
FBgn0260770	235	204.169525796475	599.5
FBgn0260775	235	204.169525796475	599.5
FBgn0260439	378	2166.47501521714	1329.75
FBgn0260450	270	641.091099854082	865.25
FBgn0259878	65	50.8173244187354	149.25
FBgn0260442	230	201.965427655985	589
FBgn0260794	276	477.978827733114	813.75
FBgn0260932	445	1857.53751145247	1367.5
FBgn0260934	234	304.727165671338	659.75
FBgn0260960	357	912.805142002045	1082.75
FBgn0260935	344	845.247586893705	1045
FBgn0259716	148	157.190586289076	405.5
FBgn0260859	471	3136.26673060869	1497
FBgn0260856	210	364.859722819376	660.25
FBgn0259992	83	151.114773367191	277.25
FBgn0261016	574	2019.84637324559	1489
FBgn0261111	546	3200.79591069722	1559.5
FBgn0063449	63	84.6523970888932	188
FBgn0260225	156	111.51509459602	382
FBgn0261068	87	112.384106828434	248.75
FBgn0261261	394	1597.05028584824	1278.5
FBgn0085224	21	24.936150443461	64.25
FBgn0260970	491	1314.99652485989	1317.25
FBgn0261266	303	1429.53640607672	1124.75
FBgn0261274	343	1188.44630355344	1134.75
FBgn0261361	336	898.341071673895	1049
FBgn0261268	229	427.902031890552	721
FBgn0261444	250	648.95132849158	842.75
FBgn0261508	76	63.8398274811262	181.5
FBgn0261262	54	77.130620326135	163.75
FBgn0261437	140	279.888328027058	481.25
FBgn0261535	298	990.713124169149	1016
FBgn0261053	215	1065.08972109835	905
FBgn0261552	343	1853.70309980083	1249.75
FBgn0261553	521	1208.00867562329	1322.25
FBgn0261597	191	350.885883519213	617.25
FBgn0261554	623	3907.97231086854	1614
FBgn0261608	273	455.837881784015	802.5
FBgn0261618	376	1503.8734674924	1234.5
FBgn0261067	213	170.079470255817	536
FBgn0261788	635	2660.49307153757	1581.25
FBgn0259936	16	6.08204198762688	28.5
FBgn0261789	522	1525.33591998406	1384.5
FBgn0261260	210	483.619535556367	716.75
FBgn0261791	489	1073.61328904457	1264
FBgn0261859	131	81.725157903328	304.5
FBgn0261881	316	1543.47397351039	1170.5
FBgn0261985	315	1089.05772079757	1074.75
FBgn0262001	194	514.135217413196	705.25
FBgn0261797	281	820.770518585019	936.5
FBgn0261873	345	512.853220948657	943.5
FBgn0262108	216	347.513538283221	658
FBgn0261862	138	135.860151604259	373.5
FBgn0262127	219	413.619151351218	696.5
FBgn0262081	192	547.205186229539	709.75
FBgn0262116	592	2130.30535910561	1512.5
FBgn0262169	256	1097.85099076209	984.5
FBgn0262359	439	1817.29502829604	1354
FBgn0262473	183	157.507174863191	477.5
FBgn0262512	319	798.813109329933	996.75
FBgn0262510	252	312.66299322241	698.25
FBgn0262516	334	885.824529188894	1043
FBgn0262524	446	1605.84548552833	1336.75
FBgn0262565	430	1087.72564028977	1214.5
FBgn0262567	572	1398.50586893291	1395
FBgn0261277	71	17.2195912501983	117.5
FBgn0262574	504	1473.91034832164	1358.25
FBgn0259247	35	10.6986585350142	57.25
FBgn0261714	57	23.9816775339179	110.5
FBgn0262149	214	428.624260714027	699
FBgn0262517	378	1622.9851021372	1262.25
FBgn0262598	133	254.198987013833	449.5
FBgn0262601	415	2922.71001625024	1428.75
FBgn0261059	75	98.1167797293139	214.25
FBgn0262731	327	1130.07136703243	1099
FBgn0262582	352	544.393457938424	961.75
FBgn0262732	155	127.256734396994	395
FBgn0262801	231	258.080494902821	629
FBgn0262815	87	134.545101621132	271.75
FBgn0262820	143	108.274114595693	353.5
FBgn0262569	8	5.75643448725	20.5
FBgn0262880	418	1542.83129155914	1294.5
FBgn0261822	92	155.129313787373	295.25
FBgn0262867	99	424.793738435721	477.5
FBgn0262656	78	50.8965233053187	167.75
FBgn0262858	426	1981.05844255135	1363
FBgn0261504	20	0.911919758149353	23.25
FBgn0262954	419	949.791894197253	1165.75
FBgn0263025	357	1931.97567799417	1280.25
FBgn0261790	49	64.0434802070074	144.25
FBgn0010041	16	26.5880709277515	59
FBgn0262872	245	342.166501852514	699.5
FBgn0010300	351	1087.38892302789	1122.75
FBgn0010434	225	485.226612945429	738.25
FBgn0010387	142	115.32255382339	361
FBgn0010488	441	1582.30351779056	1327.5
FBgn0010531	186	657.226269423613	738
FBgn0010350	170	808.935712266165	754.25
FBgn0010414	98	269.722450624564	390
FBgn0260475	40	84.6280326214373	153.5
FBgn0263029	328	927.30471368242	1049.5
FBgn0010612	579	2119.83893845659	1503
FBgn0010651	246	575.3646701379	812
FBgn0011227	430	1042.56883026129	1203.5
FBgn0262738	119	289.785200000823	444
FBgn0010741	68	174.793159124808	270.5
FBgn0011230	476	2510.49606421919	1464.5
FBgn0010638	99	48.320177650572	203
FBgn0010340	208	397.802257449558	674.5
FBgn0010241	28	10.0473232997585	49
FBgn0011640	408	841.353412709227	1118.25
FBgn0010621	106	152.318046651334	324.5
FBgn0011726	84	91.3783329918593	227.25
FBgn0011769	333	1550.02334654585	1196.75
FBgn0011573	111	180.116292390244	353.25
FBgn0011771	263	421.989641862308	771.25
FBgn0262881	12	82.5001647327136	120
FBgn0011828	237	1059.18199104377	939
FBgn0011741	428	1396.91707652076	1278.75
FBgn0262614	169	193.921674170569	478.25
FBgn0011260	250	1548.79347616848	1067.75
FBgn0003357	11	2.01639142868948	16.75
FBgn0013672	80	249.821832382706	345
FBgn0011740	437	1253.93796111798	1258.25
FBgn0013343	229	348.690763925526	678.5
FBgn0013432	527	1952.74770760102	1449.75
FBgn0013675	42	6.47225444755511	61
FBgn0013681	622	1929.75030434165	1502.25
FBgn0013689	406	1705.46258900627	1309
FBgn0004429	3	0	2.75
FBgn0013697	585	2974.13959327592	1568.5
FBgn0013701	55	12.391143159325	88.5
FBgn0013704	521	2616.15568705924	1511.75
FBgn0083970	10	22.1364128507829	47.25
FBgn0013469	165	361.641456188478	573.25
FBgn0263132	21	55.9868220604282	98.75
FBgn0013700	81	64.3530929558449	192.75
FBgn0263212	158	444.460689948547	604.75
FBgn0263213	267	690.925701716647	879.5
FBgn0013686	53	24.3212575651928	102.75
FBgn0263231	400	1434.86223631695	1251
FBgn0263110	259	508.72015540632	809.25
FBgn0263077	204	745.670907498813	798.75
FBgn0263120	106	78.0309848346871	255.5
FBgn0263214	331	1251.7239101115	1134.5
FBgn0263083	60	12.7628510034991	96.5
FBgn0263256	248	1098.36215127739	970.75
FBgn0263240	361	1324.97570733599	1189
FBgn0263289	306	1431.66902148172	1129.5
FBgn0263413	412	1759.60364974632	1320.75
FBgn0263377	166	332.050607653775	557.5
FBgn0263443	291	894.356204531543	975.25
FBgn0263260	220	451.432282844676	716
FBgn0263445	108	123.253268870563	301.75
FBgn0263346	425	932.73754022262	1167.75
FBgn0263490	133	187.934187243352	398.5
FBgn0013699	61	373.089593088782	388.25
FBgn0263750	148	135.883115594254	391
FBgn0263744	187	1031.69389592925	852.75
FBgn0011476	127	54.0899227483965	267.5
FBgn0263494	232	542.210753994407	774.25
FBgn0263599	384	1308.37032075147	1208.25
FBgn0263232	335	777.276201439604	1011.75
FBgn0263852	527	1700.10629034074	1420.75
FBgn0263911	395	928.871738131425	1131.5
FBgn0263762	96	246.086074871624	370.75
FBgn0263763	37	50.6521293157774	108.75
FBgn0263929	603	2513.39616627081	1552.25
FBgn0010607	122	103.617756708693	308.75
FBgn0011746	44	44.096901364994	108.5
FBgn0263930	86	279.502621746448	372.75
FBgn0010385	30	58.1909388001426	113
FBgn0263838	381	3026.72969270638	1393
FBgn0263983	93	372.404385391091	439.5
FBgn0263697	250	570.765997355543	818.75
FBgn0264297	388	1279.26634299332	1211.5
FBgn0264298	388	1279.26634299332	1211.5
FBgn0263968	484	1833.6820943801	1398
FBgn0264291	161	512.191214374462	639.75
FBgn0264299	388	1279.26634299332	1211.5
FBgn0263916	94	88.0758626681963	241.5
FBgn0264272	303	1138.67090660671	1065.25
FBgn0013705	86	56.944232854737	191.25
FBgn0264360	598	2606.65617344533	1556.75
FBgn0264324	384	664.462157991526	1039.25
FBgn0264696	226	2475.04400841535	1132
FBgn0264561	211	657.217877332757	779.5
FBgn0264710	604	2470.65882648082	1550.25
FBgn0264448	185	243.388067059807	545
FBgn0264751	189	371.960178420157	626
FBgn0264863	137	90.8044504173056	329
FBgn0264895	272	860.708549776067	937.25
FBgn0264721	540	2908.91877163392	1540.75
FBgn0264946	177	527.158971271674	679
FBgn0263977	289	340.271083794375	764.5
FBgn0264949	445	1260.70186803835	1268.5
FBgn0264901	154	195.687070490654	448
FBgn0264947	239	1058.21446121687	941
FBgn0264953	103	66.6301235053687	238.5
FBgn0264954	288	402.725046860041	799.25
FBgn0264560	340	805.8011676441	1024.25
FBgn0264835	285	845.371215639437	950.25
FBgn0264959	520	2267.83126814081	1483.5
FBgn0263835	48	7.56022864726553	69.25
FBgn0263995	68	262.362508464466	333
FBgn0264975	349	574.293895753172	968
FBgn0265052	494	2367.95414627198	1465.25
FBgn0264997	309	498.598375368915	880.25
FBgn0265065	288	853.98680612348	958.75
FBgn0265083	451	1794.29717025433	1368
FBgn0264906	86	220.924513681173	333
FBgn0265084	674	3960.4681994847	1631
FBgn0265046	147	310.008324186135	506.25
FBgn0265201	539	2597.80653807711	1521.75
FBgn0264694	27	31.3113336750781	75.25
FBgn0265318	418	1202.44442465377	1225.5
FBgn0264986	106	74.9386681925268	250.5
FBgn0264460	61	16.2488065203512	102.25
FBgn0265177	465	1737.19678864164	1375
FBgn0265342	386	1661.20029169021	1279.5
FBgn0265351	456	1630.21233696907	1351.25
FBgn0265362	674	3193.75250162184	1616
FBgn0265434	402	1454.1625151709	1254.75
FBgn0264991	48	35.239728171754	106.25
FBgn0265295	174	536.277964527961	675.5
FBgn0265536	583	1546.05753711771	1429
FBgn0265053	66	12.4054007141337	103.25
FBgn0265101	165	167.5384098584	446.75
FBgn0265487	131	117.744875075977	341.5
FBgn0265623	169	104.695977005937	404.25
FBgn0265778	350	1127.3011421139	1131
FBgn0262003	10	52.7564992682832	83.25
FBgn0265968	236	241.09408865553	626.5
FBgn0265937	92	81.1911389734157	226.75
FBgn0266041	217	633.026795798658	782.5
FBgn0265508	161	479.037460720834	622.75
FBgn0266117	311	1879.72059243478	1207.5
FBgn0266141	566	3299.36420044058	1573.25
FBgn0263705	187	395.344567090488	636.25
FBgn0266072	116	75.4768140361927	267.25
FBgn0266203	318	1958.35946302577	1229.75
FBgn0266316	299	918.27156199458	996.75
FBgn0265343	53	22.2336379808469	98.75
FBgn0266311	308	1186.79620623315	1084.25
FBgn0266319	211	1255.01927024177	944
FBgn0266049	153	153.786605453532	413.25
FBgn0265800	146	280.589603841306	490.25
FBgn0266349	303	1541.55198089073	1146.75
FBgn0266350	191	238.395318335086	550.25
FBgn0266084	124	1231.57170067962	773
FBgn0266445	183	177.936788576431	491.5
FBgn0266377	427	1913.84900141669	1355.25
FBgn0266019	168	191.024205838425	471.25
FBgn0266450	275	423.809480294137	788.75
FBgn0266051	307	687.52599655719	944
FBgn0266456	226	115.775224606683	511.5
FBgn0266411	420	2112.47425401264	1372.25
FBgn0266455	203	2039.44488184046	1054.75
FBgn0265458	81	42.5388650677007	160.25
FBgn0266490	411	810.578001158004	1113.25
FBgn0266637	633	3106.66492936182	1600.25
FBgn0266638	484	2334.10380930585	1457.5
FBgn0266653	641	2578.58354713748	1575.75
FBgn0266580	423	3937.60403750983	1464.75
FBgn0266615	87	42.1853891236385	171.25
FBgn0266421	299	478.933466271182	853.25
FBgn0266717	297	515.810393020069	867.5
FBgn0266723	518	1982.00716049154	1446.25
FBgn0266569	126	1920.59448425765	891
FBgn0266666	246	328.031687533201	693.5
FBgn0266711	476	1761.03936152404	1385
FBgn0266731	225	208.91732831235	583.25
FBgn0266756	126	80.0564259530194	292.5
FBgn0266802	534	1574.38098636004	1405.5
FBgn0266813	354	504.873284351151	949.5
FBgn0266696	335	2142.74492158599	1274.75
FBgn0266428	26	61.5720048115988	112.25
FBgn0267030	246	971.478954287111	933
FBgn0266866	259	229.644229005917	657.75
FBgn0267051	411	1695.47104925729	1312.5
FBgn0267053	194	377.716015454837	639.25
FBgn0266327	50	14.6263889417458	83.5
FBgn0266958	275	2097.59676119154	1172.75
FBgn0266966	250	428.508990676157	759.75
FBgn0263206	45	16.5036538175262	79.5
FBgn0267026	479	1239.00902191446	1295
FBgn0267078	341	1350.00856738391	1164
FBgn0267118	467	1388.74289406937	1317.75
FBgn0266906	246	722.087875244832	860.5
FBgn0267126	476	1991.24992321503	1414
FBgn0266352	68	67.743036381338	175.5
FBgn0267054	172	298.580249894822	552.25
FBgn0267180	344	687.367641080415	998.5
FBgn0267398	118	54.8099270480136	250
FBgn0267390	511	3010.72747213232	1520.5
FBgn0267439	146	76.5388567213391	325.75
FBgn0267448	179	805.802436029188	771.5
FBgn0267462	436	662.539313180229	1095.25
FBgn0267348	116	99.0242140671743	292.75
FBgn0267468	459	2032.90367218991	1406.25
FBgn0267488	324	451.020723756051	884.25
FBgn0267496	501	1013.95604437635	1257.5
FBgn0267499	483	939.459576088695	1224.25
FBgn0267500	459	989.590584305559	1219.25
FBgn0267502	430	694.379561230895	1103.5
FBgn0267503	453	1007.15979086581	1218.25
FBgn0267185	259	556.8972584571	823.75
FBgn0267512	503	1122.14144327348	1285.25
FBgn0267535	140	69.2193929351734	312.75
FBgn0267556	510	1125.83569624642	1293.5
FBgn0267601	674	2831.05393100217	1600
FBgn0267525	198	292.408415113869	599.5
FBgn0267624	478	1927.27012756679	1406.5
FBgn0036872	3	0	2.75
FBgn0267522	183	407.900921696942	636
FBgn0267761	376	3168.69706101155	1394.5
FBgn0267815	193	583.398692936436	726.75
FBgn0267866	27	4.31703134283749	38.75
FBgn0267452	86	127.394117273498	261.75
FBgn0267480	79	40.127192942141	156
FBgn0267606	49	7.44615037881285	70.75
FBgn0267988	175	189.517585687569	485.25
FBgn0267910	360	941.737546882846	1098.25
FBgn0283433	504	1931.67595265588	1427.25
FBgn0267365	131	234.049691219598	431.5
FBgn0013733	321	499.900092527446	900.25
FBgn0267587	99	58.1344724770186	219
FBgn0267867	26	4.08925980614514	36.75
FBgn0283473	208	338.628581301822	638.5
FBgn0267989	267	479.344264363615	802.5
FBgn0014391	96	35.6873697349966	183.75
FBgn0267635	161	209.16844677565	472.25
FBgn0013810	183	1156.86536762468	875
FBgn0015031	536	1571.27196636872	1408
FBgn0013749	254	388.473718106386	744
FBgn0015035	172	348.892622952821	582.25
FBgn0267978	102	150.408470209182	314.25
FBgn0267729	28	171.008932447695	214.5
FBgn0015299	649	3029.47615718423	1603
FBgn0015278	163	287.405578189295	527.75
FBgn0015271	246	660.126450446433	838.5
FBgn0283427	135	84.7647711455424	320
FBgn0015379	319	607.892973712505	940.25
FBgn0015513	256	894.488643792071	927.5
FBgn0015269	314	831.076782714308	1000
FBgn0267824	117	187.870274281084	365.75
FBgn0015025	152	137.026398992449	400.5
FBgn0015520	240	456.059498006092	753.25
FBgn0016059	240	694.105154590716	840.25
FBgn0015623	164	211.382742781026	479.5
FBgn0015477	348	1027.30479669242	1103.5
FBgn0015521	526	2106.50633249549	1467.25
FBgn0013767	32	16.3156440754542	61.5
FBgn0016075	101	48.0987244174677	207
FBgn0015019	134	1155.14018930531	777.5
FBgn0016081	607	2202.81145886473	1529.75
FBgn0015298	166	65.3228190858842	358
FBgn0016726	594	2076.12256270691	1506.5
FBgn0016070	467	2496.62962664171	1457.75
FBgn0016970	499	1219.58113231072	1303.5
FBgn0016983	350	1148.63687204089	1136
FBgn0016660	171	263.85110987427	532
FBgn0017430	517	1882.88506470323	1432.25
FBgn0016672	288	477.147912219202	830.75
FBgn0019890	448	1482.6833412677	1314.75
FBgn0020309	311	840.141768415662	996
FBgn0270925	34	13.3982423647589	59.75
FBgn0019938	154	223.197115551074	466.5
FBgn0019886	380	2580.0344166254	1368.75
FBgn0265982	31	144.719258895071	198
FBgn0020503	211	712.392669815937	800
FBgn0016685	46	21.7515880461737	87.5
FBgn0019940	306	583.330215989448	909
FBgn0020370	540	1464.5616409778	1386.25
FBgn0020412	330	951.874030006043	1060.5
FBgn0020497	339	1041.7421666494	1093
FBgn0020762	416	741.3209717219	1101.25
FBgn0020930	570	2069.15743076099	1491.75
FBgn0020294	102	197.692514516037	351.75
FBgn0015024	138	122.080396829088	358
FBgn0020506	313	1674.53638552863	1189.25
FBgn0020642	106	84.9865820064834	265
FBgn0021814	137	819.036735656218	690.5
FBgn0021875	120	278.715194457974	437.5
FBgn0021796	460	1625.65325168298	1356
FBgn0021818	313	1364.38406304343	1130.25
FBgn0022027	190	392.794354558185	636.5
FBgn0022153	387	1667.93453690527	1282.5
FBgn0020443	107	77.5583531637573	257
FBgn0020378	88	36.8835898291567	170.5
FBgn0023083	441	2176.88279361484	1402.5
FBgn0022224	376	650.690471002202	1022
FBgn0023081	310	455.814051895616	865
FBgn0023096	266	1136.90549975038	1002.5
FBgn0021995	127	133.659667085415	348
FBgn0023172	516	3366.06563545539	1540
FBgn0023170	481	1117.75142096117	1267.25
FBgn0023407	278	301.15731477078	725.5
FBgn0023458	311	579.887394876645	918
FBgn0023213	487	2464.14824556558	1468.5
FBgn0023510	472	2461.05986547005	1457.75
FBgn0023514	618	2233.64213128064	1538.25
FBgn0022160	67	35.0362414525714	133.25
FBgn0023519	631	3112.22770757669	1599.75
FBgn0024182	353	2038.6028468844	1290.75
FBgn0024196	519	2652.35536729187	1511.75
FBgn0024248	167	251.481918370464	513.75
FBgn0024251	357	2062.37425333721	1297.25
FBgn0023535	166	610.191976279843	685
FBgn0023530	206	113.45900411138	478.75
FBgn0024352	57	89.0844889921987	184
FBgn0024432	221	269.834116457093	620
FBgn0024555	415	1367.84680418452	1256.75
FBgn0015270	43	54.3973466100802	122.75
FBgn0024315	355	1828.61887501514	1263.5
FBgn0024909	483	1671.19280097713	1379.75
FBgn0024920	308	1222.21633721919	1092.25
FBgn0024150	64	396.820046720527	405.25
FBgn0024921	201	358.036698918956	639
FBgn0025525	232	881.333412072813	880.75
FBgn0024841	300	729.5103509558	945.25
FBgn0025558	196	266.773597118624	579
FBgn0024912	438	1328.46774173193	1273.75
FBgn0025615	242	328.809779325886	687.5
FBgn0025637	352	1307.07027732849	1172.75
FBgn0025638	308	475.500916776131	867.75
FBgn0025640	148	558.397626264026	627.5
FBgn0025629	139	243.570706657085	455.75
FBgn0024986	278	644.479086779767	878.5
FBgn0025678	127	237.244107501771	427
FBgn0026083	403	964.611389572194	1150.75
FBgn0026088	328	577.713314263327	941
FBgn0025800	244	828.185608072452	884
FBgn0025820	441	1411.96753098447	1292.5
FBgn0024329	151	184.018401035492	429.5
FBgn0026149	273	1134.68789320566	1013.5
FBgn0026181	159	334.095697809622	545.75
FBgn0026309	415	2146.72911974743	1370.75
FBgn0025806	450	1390.50344006291	1301.25
FBgn0026089	191	195.440049045541	519.25
FBgn0026324	221	192.998944092973	565
FBgn0026252	155	136.456677591715	406.5
FBgn0026316	321	1500.25351739879	1166.75
FBgn0026428	160	217.264866237844	475.75
FBgn0025827	196	211.583948238205	543
FBgn0026314	178	177.572610154053	483.5
FBgn0026393	575	1766.50109266067	1458.25
FBgn0026403	204	255.854416285119	585.25
FBgn0026666	451	2821.20482189068	1465.75
FBgn0026401	129	182.81066476513	387.75
FBgn0026741	634	2158.43144069637	1536.5
FBgn0026566	241	554.899743228896	793
FBgn0026737	151	143.414011693686	402.5
FBgn0026753	388	1356.58627040891	1226.5
FBgn0027079	286	611.123161898396	883.75
FBgn0026879	519	1617.73877431571	1401.25
FBgn0026199	288	1009.30766738165	1003.75
FBgn0027095	174	162.070192771641	463.5
FBgn0025742	78	278.674983411957	356.75
FBgn0025777	168	224.81166846313	497.25
FBgn0027296	216	789.275629210423	826.5
FBgn0027341	95	273.257201191922	386.75
FBgn0027342	175	455.160736578466	643.25
FBgn0027259	385	1495.95056732172	1246
FBgn0025807	84	74.7645630263801	205.75
FBgn0027287	344	891.092901953187	1058.5
FBgn0027505	481	1125.52600264747	1269.25
FBgn0027356	56	140.937339140331	231.25
FBgn0027508	540	1695.37437983438	1429.75
FBgn0027513	387	2814.66257342489	1393.5
FBgn0027535	311	1102.66082029509	1071.5
FBgn0027086	110	143.407890930328	325
FBgn0027280	284	1262.83480670499	1056.75
FBgn0027580	350	1793.93869744738	1252.5
FBgn0027568	718	3477.46913267916	1629.75
FBgn0027582	298	981.3792625441	1014.5
FBgn0027583	320	771.444553026911	991.75
FBgn0027375	126	188.607616230987	385
FBgn0027492	240	460.94244387197	753.75
FBgn0027588	487	1832.98831576598	1399.5
FBgn0026565	87	28.4984309896919	160.25
FBgn0027603	265	654.379639095023	862.75
FBgn0012042	7	4.43613130902423	17
FBgn0027526	178	171.231337169226	481
FBgn0027609	296	1334.17830808404	1091
FBgn0027835	107	103.864083346037	283
FBgn0027948	535	2234.58029100715	1490.75
FBgn0027570	55	39.6226740401508	120.5
FBgn0027596	196	328.621612016968	612
FBgn0027784	423	3223.61648484638	1452.25
FBgn0028418	208	739.609986170648	804.5
FBgn0028467	298	802.915545840989	958.5
FBgn0028434	337	411.43228724326	883.25
FBgn0028500	519	2787.65601965259	1520.75
FBgn0028525	444	1146.2131478666	1241.5
FBgn0028538	426	1352.03734207856	1267
FBgn0028480	195	322.419913609428	605.25
FBgn0028683	239	500.156445745049	767.5
FBgn0028554	169	202.97292633345	486.25
FBgn0028539	420	972.777669395894	1172.25
FBgn0027594	128	146.913078259019	362.25
FBgn0028411	345	949.09839122144	1080
FBgn0028746	454	1622.04259551094	1347.75
FBgn0028572	125	135.356628206155	345.75
FBgn0027794	183	222.59083740777	525
FBgn0028833	322	998.389659002155	1061.5
FBgn0028741	276	557.650642049128	846
FBgn0028926	327	593.706056848402	945.5
FBgn0028894	116	302.053691386814	442.25
FBgn0028695	209	401.992313758711	678.5
FBgn0028398	121	64.3703929300271	269.5
FBgn0028855	116	482.620693145523	535.75
FBgn0029117	423	686.355413327139	1088.75
FBgn0029503	265	995.98933174195	965.25
FBgn0029113	140	433.086232857541	566.25
FBgn0028692	111	75.6380202052755	261.25
FBgn0029502	219	199.677511919847	568.5
FBgn0029079	92	47.4522684979034	187.25
FBgn0029529	234	344.438202069593	683.75
FBgn0028888	100	671.598736666564	575.5
FBgn0028997	198	251.808083124575	574
FBgn0029594	381	1337.45702007223	1213
FBgn0029504	345	745.36985878317	1020
FBgn0028982	306	481.160815631068	867.5
FBgn0029763	116	133.995718116804	325.25
FBgn0029167	130	70.3865985535119	292.25
FBgn0029870	285	1073.48356672543	1015.75
FBgn0029854	204	508.392213563792	717.25
FBgn0029718	197	330.343064715356	617.75
FBgn0029809	284	393.334497490813	784.75
FBgn0029531	69	148.049805755013	253.75
FBgn0029686	187	325.200299543656	594.75
FBgn0029895	262	568.298511397947	833.25
FBgn0029882	162	376.537621342498	577
FBgn0030078	177	565.721995109169	693
FBgn0030086	104	1234.83024665446	737.75
FBgn0030108	631	2706.86701823785	1582.25
FBgn0030005	188	378.72003369965	631.25
FBgn0029512	53	165.848692141195	240.75
FBgn0030136	150	157.046906316177	408.5
FBgn0029840	331	1050.63609471707	1087.5
FBgn0029114	37	13.7804249657864	64.75
FBgn0030137	204	467.041790781267	697.25
FBgn0029971	411	810.578001158004	1113.25
FBgn0030289	219	185.290898040523	554
FBgn0030341	473	797.046215005163	1172.25
FBgn0030082	301	708.157191951124	941.5
FBgn0030189	157	563.563166607582	649.75
FBgn0030350	566	2268.53864688209	1513.25
FBgn0030294	352	1071.40865426426	1122.25
FBgn0030351	573	3143.25316824571	1571.5
FBgn0030158	215	564.243266946502	755.5
FBgn0030326	232	305.458177384579	657.25
FBgn0030366	596	2150.45140723612	1515
FBgn0029800	129	77.8655956862842	297.75
FBgn0030409	302	701.837561792925	941.75
FBgn0030122	186	399.626071386163	638
FBgn0030520	561	2462.97962878683	1523.75
FBgn0030555	170	235.689210868537	511.25
FBgn0030501	312	591.407588627954	924.25
FBgn0030559	504	1953.07858101117	1429.75
FBgn0030406	135	140.893554662232	371.5
FBgn0030480	83	134.129665654628	263.25
FBgn0029881	193	1217.37730512535	903.25
FBgn0030588	62	82.8572519858708	182.75
FBgn0030425	101	33.3098560425066	191.5
FBgn0030610	487	2011.27524487746	1424
FBgn0030617	191	685.846747225161	753.75
FBgn0030642	418	1530.98054810709	1289
FBgn0030571	227	344.193294743248	671.25
FBgn0030674	352	802.961472535195	1043.25
FBgn0030700	443	996.833317299678	1203.75
FBgn0030735	613	2710.24864507545	1575
FBgn0030739	692	3090.40627594475	1612
FBgn0030551	140	148.967464699366	388.75
FBgn0030743	503	1337.07348062268	1332.25
FBgn0030715	105	165.935462788978	331.75
FBgn0030748	292	785.988917380339	944.5
FBgn0030662	272	931.839103664323	959.25
FBgn0030793	430	2006.5480634828	1373
FBgn0030792	302	752.276414172368	957.25
FBgn0030801	480	2178.38822999136	1439.5
FBgn0030788	398	1377.56880814578	1238.75
FBgn0030802	491	1701.05475989328	1388.75
FBgn0030809	684	3095.87698441656	1612.5
FBgn0030195	46	16.2880743147113	79.5
FBgn0030859	560	2582.45262127734	1533
FBgn0030720	119	110.366352347272	307.5
FBgn0030884	312	764.169868514829	978.25
FBgn0030300	100	107.595920314177	268.5
FBgn0030899	624	2217.76880870596	1539.5
FBgn0030876	319	1220.35819882894	1110.25
FBgn0031011	152	142.893233098291	403.5
FBgn0031016	290	375.922905407169	789.5
FBgn0028583	46	45.0352179283756	112
FBgn0031022	535	1908.70775043221	1449.25
FBgn0031049	391	846.534943134767	1103
FBgn0031020	166	306.311145017891	541.5
FBgn0031030	249	876.835151827069	909.5
FBgn0031051	239	269.715993142543	649
FBgn0030912	54	51.7051132177061	135.25
FBgn0031045	226	778.555292989704	838.5
FBgn0031068	435	1536.28559944672	1309.75
FBgn0031080	298	1059.67641375506	1034
FBgn0030890	195	328.860574296366	610.75
FBgn0031126	268	694.278284651571	881.75
FBgn0030943	89	502.588593794987	493.25
FBgn0031094	515	1554.30317540566	1388.25
FBgn0031145	324	1465.12602643403	1164.25
FBgn0031171	266	605.097155946761	849.5
FBgn0031189	613	1990.25129189022	1506.5
FBgn0031214	183	434.159975536059	650
FBgn0031059	191	424.873709590741	656.25
FBgn0031250	97	116.517235653265	273.25
FBgn0031229	406	1311.73018865506	1235.5
FBgn0031253	255	630.702772481062	846
FBgn0031216	316	526.678690101776	906
FBgn0031256	226	288.863958379998	640
FBgn0031310	511	1850.2181446313	1423.5
FBgn0031351	617	2525.987826897	1560
FBgn0031012	134	253.427634583888	450.5
FBgn0031270	117	114.637710966792	308.25
FBgn0031286	421	2198.40063407123	1384
FBgn0031176	285	1054.89289770185	1009.75
FBgn0031277	41	211.141785732992	261.25
FBgn0265070	9	2.17999019064048	14.25
FBgn0031374	426	2292.88680553673	1400.5
FBgn0031361	427	1198.76931541684	1235.25
FBgn0031393	65	48.8392566231336	145.75
FBgn0031426	153	1049.35152629861	786.25
FBgn0031437	500	1623.84826983097	1383.75
FBgn0031472	17	2.49321590841725	23
FBgn0031228	90	25.2941539906613	163.5
FBgn0031560	191	440.330067169475	664.25
FBgn0031561	127	483.09114899491	559.5
FBgn0029890	37	8.43612307288225	56.75
FBgn0031292	94	136.851993905559	289
FBgn0031452	507	2173.9119579926	1457.5
FBgn0031485	141	427.720229460893	564.5
FBgn0031069	149	125.269718082392	380.5
FBgn0031646	447	2255.67443441704	1418.5
FBgn0031603	232	431.922944772408	729.25
FBgn0031564	226	343.875697872879	668.5
FBgn0031627	308	928.741090185656	1019.75
FBgn0031505	155	77.4153848418662	347
FBgn0031663	424	686.737116576193	1091
FBgn0031650	451	1027.33187776292	1222.25
FBgn0031634	93	31.4062863887209	174
FBgn0030317	33	12.1878329169189	56
FBgn0031678	366	1163.69085601589	1161.25
FBgn0031710	415	1330.98428378488	1250.25
FBgn0031752	121	116.299036645064	320
FBgn0031317	89	157.822185083178	293.75
FBgn0031776	442	2723.09465856998	1450.25
FBgn0031777	463	3643.72668400493	1504.5
FBgn0031708	224	605.077259945566	781
FBgn0031781	231	529.445688053109	768
FBgn0031772	149	94.1631354212976	353
FBgn0031782	361	2127.9313397896	1309.5
FBgn0031811	332	1373.85234186084	1161
FBgn0031707	404	875.992928451774	1125
FBgn0086908	8	0.78710613015318	9.5
FBgn0262794	4	0	3.75
FBgn0263659	3	0.356133273355234	4
FBgn0265577	2	0	1.75
FBgn0028396	10	113.076825498835	145.25
FBgn0030103	7	10.6263511540681	26
FBgn0031413	106	1352.41500520253	766.5
FBgn0031496	97	63.117646418221	219.75
FBgn0031600	78	22.7434267182706	135.25
FBgn0031657	239	382.067896793081	713.5
FBgn0031668	236	241.09408865553	626.5
FBgn0031694	86	39.9955824567987	166.75
FBgn0031805	215	1537.10913861695	1003.5
FBgn0031813	270	1524.68484442865	1084.25
FBgn0031822	357	1846.80622464043	1267.75
