gene	degree	betweenness	rank
FBgn0000044	205	479.892030931776	870.25
FBgn0000045	76	852.405471267794	715.25
FBgn0000003	324	3733.54405515678	1647
FBgn0000046	134	391.166682171502	654.5
FBgn0000057	253	1511.39161932435	1267.75
FBgn0000100	61	42.7550908027994	143.5
FBgn0000054	99	487.93163695178	625.75
FBgn0000250	63	157.539251303647	289
FBgn0000330	319	4640.7707368563	1676.75
FBgn0000337	275	2093.37391176613	1406.5
FBgn0000370	387	1822.07566880741	1571.75
FBgn0000286	181	941.825087909996	989.5
FBgn0000376	519	5459.32571353112	2006.75
FBgn0000279	27	6.28572230219904	38
FBgn0000392	164	1394.68121479034	1056.25
FBgn0000414	457	4185.02672792069	1884.5
FBgn0000092	235	1350.03590279048	1203.75
FBgn0000121	88	102.671052836245	279.5
FBgn0000303	134	140.426365471796	432
FBgn0000497	276	3558.01048233906	1540.75
FBgn0000489	187	796.824499114667	956.5
FBgn0000499	269	1246.86046346773	1259.25
FBgn0000662	339	1843.21189216709	1487.75
FBgn0001075	299	1931.78605699758	1425.5
FBgn0000547	85	90.8392003783097	258.5
FBgn0000451	59	58.1994883346948	165.75
FBgn0001086	153	356.48894300026	667.75
FBgn0000615	573	341.001435692108	1383
FBgn0001112	80	299.172699726047	457.25
FBgn0001133	80	277.590202346308	439.25
FBgn0001226	32	19.5158624247965	63
FBgn0001233	42	112.665822600231	198.5
FBgn0000658	165	2319.52684076675	1192
FBgn0001227	280	677.537392417294	1116.75
FBgn0001229	183	2262.33570862096	1229
FBgn0001253	197	536.274832661244	877
FBgn0001301	407	3163.92350285771	1756.5
FBgn0001206	246	1038.64818839301	1145.5
FBgn0001234	100	280.968808587224	489.5
FBgn0001311	394	3247.20266849568	1730.5
FBgn0001324	164	1009.03349695151	963.75
FBgn0001248	146	390.660758918332	680.75
FBgn0001313	318	1704.08142800688	1436.75
FBgn0001961	289	2948.16586375662	1518
FBgn0002525	274	974.704594324445	1197.25
FBgn0002576	329	4341.14844915458	1683.5
FBgn0001217	448	243.550436097472	1147.25
FBgn0002783	479	4015.26800003614	1907.5
FBgn0001321	130	600.952812304493	757
FBgn0002183	224	1967.06578473713	1280
FBgn0001320	94	98.0310476253359	291
FBgn0002862	418	427.250581662516	1247.5
FBgn0002873	62	101.03466180831	226.5
FBgn0002909	373	4475.12901145951	1761
FBgn0031853	616	1005.20953402071	1691.5
FBgn0002940	258	977.954355823418	1165.5
FBgn0031850	295	1462.3191009161	1351
FBgn0000221	61	296.306072490966	413
FBgn0031844	307	1607.13118164265	1403
FBgn0031851	245	2827.23088382842	1411.75
FBgn0031856	122	220.952231132289	485
FBgn0031878	303	2491.72133438665	1505
FBgn0031879	231	1636.13664640562	1245
FBgn0031888	358	3361.15953473937	1673
FBgn0031908	270	2162.1377522337	1408
FBgn0031926	147	524.607644367526	754.75
FBgn0031940	518	5865.07077456833	2012.75
FBgn0031859	411	91.9912538537075	945.75
FBgn0031861	116	163.085935221872	420.5
FBgn0031942	441	3674.35258192059	1836
FBgn0031925	143	513.910589984494	738.5
FBgn0031954	575	506.073926227146	1485.75
FBgn0002939	69	915.972928331278	719.75
FBgn0001291	36	72.3957961560119	146.75
FBgn0032003	569	2025.65569272897	1848.25
FBgn0032004	404	5604.14255603938	1847
FBgn0032039	615	3246.32304783683	2001.25
FBgn0032061	517	236.889144971064	1238
FBgn0032065	663	2098.08353868922	1916.5
FBgn0032111	558	1145.78649125198	1687.5
FBgn0031941	222	488.234534151086	911.25
FBgn0031971	268	765.035333729174	1116
FBgn0032175	155	616.488826592875	816
FBgn0031959	372	2850.16767039556	1660.5
FBgn0032192	357	3936.60903139993	1706.25
FBgn0032213	158	286.197415173455	631.75
FBgn0031973	158	1872.52777599371	1116.25
FBgn0032026	152	639.328307721852	815
FBgn0032217	406	3084.45990410592	1745.5
FBgn0032072	253	130.163516413772	679.25
FBgn0032269	378	54.1781784305087	834.5
FBgn0032143	398	4500.17797826378	1801.75
FBgn0032219	311	97.8836940767534	774.25
FBgn0032266	230	1983.47944876455	1292.75
FBgn0032276	405	186.416596332329	1032.25
FBgn0032181	135	529.933855380596	729.75
FBgn0032224	266	1242.01795729969	1250.5
FBgn0032340	358	3403.03398088323	1676
FBgn0032314	552	324.8686781667	1353.75
FBgn0032312	248	292.587704792318	832.5
FBgn0032360	373	47.9338736599739	814.75
FBgn0032370	484	417.139384722743	1338.25
FBgn0032313	222	567.51709369885	951.75
FBgn0032372	455	310.354251470582	1221.25
FBgn0032090	199	1351.4452601727	1126.25
FBgn0032374	618	1476.53636283621	1801
FBgn0031974	57	377.047425611508	466
FBgn0032402	280	1246.26506120523	1282.25
FBgn0032385	476	6132.52861005815	1963
FBgn0032424	562	1593.81313430192	1775.25
FBgn0032430	319	3445.91168817629	1620.75
FBgn0032369	209	421.411714472289	843.25
FBgn0002569	13	1.32743558567286	13.25
FBgn0032457	374	180.051400515571	971.25
FBgn0032409	129	1898.30821003307	1049.5
FBgn0002869	116	1366.68198586688	940
FBgn0032348	123	317.923441122543	578
FBgn0032478	153	437.858963020147	723.25
FBgn0032414	175	409.595312807038	760
FBgn0032286	44	46.0731633977079	116
FBgn0032512	242	596.942749362035	999.75
FBgn0032513	374	2468.55521798312	1628.75
FBgn0032494	53	128.219598830825	232.25
FBgn0032464	530	1045.57083812757	1625.75
FBgn0032471	288	268.965544839006	894.75
FBgn0032252	112	674.459683400061	736.5
FBgn0032514	289	1929.89186532932	1405.5
FBgn0032433	105	808.367602623457	767
FBgn0032519	487	4044.67808649462	1927.25
FBgn0032525	231	59.522657271083	559
FBgn0032515	302	3535.42116208315	1589.5
FBgn0032521	285	2279.72677910293	1445.25
FBgn0032520	369	300.024982931037	1073.5
FBgn0032530	314	187.874683308263	873.5
FBgn0032553	419	664.320829886559	1358.75
FBgn0032554	496	705.813454364731	1494
FBgn0032563	478	269.910948139341	1215.75
FBgn0032588	575	882.343845333319	1629.25
FBgn0032444	156	1196.4097152379	996.25
FBgn0032590	498	664.971918502058	1478
FBgn0032626	345	100.121974962334	833.25
FBgn0032577	181	1190.41464636747	1056.5
FBgn0032650	382	81.7400085406573	879.75
FBgn0032341	144	555.435437463464	764
FBgn0032637	322	1023.90166525896	1300.75
FBgn0032654	494	259.478342874251	1233
FBgn0032664	640	9351.20778243091	2149.5
FBgn0032538	407	4537.7746164127	1826.5
FBgn0032684	130	399.990765398158	653
FBgn0032707	277	3431.07194947403	1534
FBgn0032535	19	9.29386418426662	30.5
FBgn0032721	403	3564.90852526052	1770.75
FBgn0032730	293	1789.78727478862	1396
FBgn0032677	429	79.7611666884415	950.75
FBgn0032709	505	1709.12369993149	1734.75
FBgn0032727	245	2894.93609687296	1416.25
FBgn0032755	380	64.4107214798944	853.75
FBgn0032362	180	1071.28621063105	1014.75
FBgn0032648	180	432.503713149947	786.75
FBgn0032613	113	163.480444591358	409
FBgn0032769	120	479.882459964588	672
FBgn0032775	376	2649.0703805625	1650.5
FBgn0032483	189	394.860140899226	784.25
FBgn0032781	479	4393.05792092014	1923
FBgn0032803	267	3560.64503245359	1520
FBgn0032812	131	2064.86996919437	1084
FBgn0032495	112	107.065613797624	345.5
FBgn0032768	538	1317.8556996021	1702
FBgn0032771	341	104.702074005931	832.5
FBgn0032867	677	4536.86572665675	2096.5
FBgn0032660	67	225.608297730664	361.75
FBgn0032814	304	3290.2780298292	1579
FBgn0032869	616	515.280587622292	1520.5
FBgn0032878	636	918.230558673409	1686.25
FBgn0032656	84	341.290248961308	494
FBgn0032895	92	239.443039971573	424.75
FBgn0032729	58	56.3567964897383	163
FBgn0032894	259	18.5860562676403	560
FBgn0032968	360	657.693865685174	1248.5
FBgn0032969	401	384.121385045456	1191
FBgn0032731	205	2119.79696429625	1260.75
FBgn0032819	311	2156.31136020056	1489.75
FBgn0000449	48	23.0645544073295	92.25
FBgn0032805	114	106.461724380905	351.75
FBgn0032925	274	1036.37544606971	1207.25
FBgn0032967	281	837.998462157818	1173.25
FBgn0032971	575	6415.1483662136	2082.25
FBgn0033020	471	253.087727579494	1191.75
FBgn0033038	214	1487.83399686921	1186
FBgn0032877	122	1371.85416257819	953.5
FBgn0033010	226	734.642122490355	1020.75
FBgn0033056	569	534.701592835687	1495.75
FBgn0032587	103	439.485926663561	607.5
FBgn0032915	274	2957.66128161787	1490.25
FBgn0033017	177	324.963068297492	707.5
FBgn0033155	276	2139.63643660767	1414.75
FBgn0033160	466	3425.18465463804	1854.25
FBgn0033063	137	500.655753286736	720
FBgn0033187	321	2636.10671486243	1555.25
FBgn0033133	121	107.845350287773	370.5
FBgn0032857	167	308.045512801557	672.5
FBgn0033188	287	1458.93023328163	1333
FBgn0032973	162	1255.706683992	1029.25
FBgn0033074	123	5.96942419778319	239
FBgn0033122	269	2590.18551813945	1445.75
FBgn0033168	435	360.480560648137	1223
FBgn0033238	504	272.235140310688	1258.25
FBgn0033278	260	84.9853287114253	657
FBgn0033279	477	170.456779258691	1122.5
FBgn0033283	217	94.5893803628477	576.25
FBgn0033285	535	355.448577915435	1354.5
FBgn0033286	482	136.34405454872	1091.5
FBgn0033287	353	42.1039024773148	766.25
FBgn0033307	345	513.819508053451	1159.75
FBgn0033233	218	765.928761808986	1016.5
FBgn0033195	252	650.196303273608	1038
FBgn0033339	356	1741.04795334195	1498.75
FBgn0033190	114	79.3885668772842	317.75
FBgn0033354	247	494.159940525367	962.25
FBgn0033358	395	2425.39792117506	1656.75
FBgn0033322	281	250.349266397963	866.75
FBgn0033323	286	193.853211197145	819.75
FBgn0033330	525	352.2533909755	1340.5
FBgn0033308	369	2872.86718734695	1656
FBgn0032006	16	6.35199257870921	24.75
FBgn0033153	44	156.661679756453	251.25
FBgn0033367	258	852.880324145989	1130.5
FBgn0033380	304	2186.08349562245	1479
FBgn0033272	49	54.3345169631447	140.25
FBgn0033421	347	3830.03452415215	1681.75
FBgn0033260	262	1710.49146739323	1323.75
FBgn0033431	146	171.749481955247	492.25
FBgn0033369	437	366.753691949516	1230.5
FBgn0033067	45	14.8943940269678	75.75
FBgn0033438	209	1265.88599522256	1134.75
FBgn0033454	235	1535.46693202842	1234.75
FBgn0033491	188	1143.87522238722	1059
FBgn0033498	127	228.128975585065	502.75
FBgn0033609	423	4274.34452013377	1840.25
FBgn0033542	96	137.827344175329	337.5
FBgn0033610	194	2854.36964514423	1307
FBgn0033631	344	1993.67179103592	1518.25
FBgn0033225	94	436.100920101779	584
FBgn0033371	380	182.480170350376	984
FBgn0033476	217	867.407556208231	1046.75
FBgn0033141	150	147.597525168179	478.5
FBgn0033667	382	4554.32534346332	1781.25
FBgn0033584	196	369.281518561903	780.25
FBgn0033728	399	3517.69203605662	1758.5
FBgn0033668	106	278.911231695028	500
FBgn0033730	408	2270.54933421132	1672.75
FBgn0033740	218	1086.78692656742	1107
FBgn0033742	239	798.712250719401	1067
FBgn0033705	407	1969.1078171342	1632.5
FBgn0033778	114	171.975184790182	418.25
FBgn0033357	114	54.8819937580044	286.25
FBgn0033739	87	314.678784875746	481.5
FBgn0033680	208	95.8824157087049	555.75
FBgn0033490	239	135.518471417549	658
FBgn0033638	180	1122.78143354124	1033.75
FBgn0033818	400	300.364465410246	1128
FBgn0033426	37	93.5123630787002	172.75
FBgn0033817	112	335.174444313806	558
FBgn0033819	634	1044.64930253364	1713
FBgn0033860	664	3121.83507251619	2021.75
FBgn0033862	225	20.1369122656987	490
FBgn0033863	491	198.527161053801	1172
FBgn0033864	529	341.881990873594	1340
FBgn0033828	140	580.734114983796	769
FBgn0033859	96	271.017794372686	468
FBgn0033814	279	684.479215670653	1118.25
FBgn0033888	605	1145.27942023545	1727.25
FBgn0033868	259	8.88692354430002	549.5
FBgn0033952	359	693.12107663185	1265
FBgn0033936	341	2782.46290642181	1600.5
FBgn0033955	205	652.747165034947	944.75
FBgn0033969	515	684.275788250544	1503.5
FBgn0033802	301	1792.84661390041	1413.25
FBgn0033653	72	153.638364855285	303.75
FBgn0033869	246	2732.17657417598	1409.5
FBgn0033807	114	221.653273876661	465.25
FBgn0033984	203	889.023824715871	1020.75
FBgn0033994	188	1082.24938591469	1036
FBgn0033693	74	280.369110958654	430
FBgn0033902	79	123.002385712464	282.25
FBgn0034010	346	3043.25267150364	1629.25
FBgn0033581	241	2031.93078950676	1320.5
FBgn0033981	493	11430.5872347328	2020.5
FBgn0033998	231	2720.49106697203	1378.5
FBgn0033752	66	136.839807604807	268.25
FBgn0034082	526	414.99065767844	1385.5
FBgn0034105	564	305.455144496748	1350.5
FBgn0034099	290	378.302681512592	985.25
FBgn0034121	398	53.7297756934778	865.75
FBgn0034071	400	6087.01193041621	1844
FBgn0034030	314	2409.27915481104	1516
FBgn0033603	74	62.9672890957482	206.25
FBgn0034122	573	1097.11354954547	1683.5
FBgn0034127	424	523.214893910625	1304
FBgn0034132	377	73.4137224034007	860.5
FBgn0034129	520	3599.17738611093	1939.75
FBgn0034141	197	765.071645099333	962.5
FBgn0034186	256	1633.75401353973	1299.75
FBgn0034245	148	195.278314496356	520.5
FBgn0034128	154	426.308184649675	717.5
FBgn0034098	29	45.4843780040333	93
FBgn0034144	371	46.7426314102643	809.5
FBgn0034173	494	811.105804225867	1523.5
FBgn0034246	379	3109.89900238631	1698
FBgn0034263	382	6663.29511437989	1826.75
FBgn0034435	592	534.240253801653	1517
FBgn0034205	120	172.097726479675	434
FBgn0034133	237	591.582509491871	990.5
FBgn0034459	548	812.164608553338	1579.75
FBgn0034461	254	431.40955126041	943.75
FBgn0034464	552	266.271179313288	1302.25
FBgn0034253	353	2102.10114107704	1546.75
FBgn0034471	133	452.875236608999	686.25
FBgn0034475	442	7541.63043640661	1928.25
FBgn0034467	460	342.463027063939	1250.25
FBgn0034477	508	7956.43240762503	2027
FBgn0034118	150	479.189511440998	739.5
FBgn0034114	199	2869.79495577666	1317.75
FBgn0034223	51	88.8503912965861	189.25
FBgn0034483	547	1309.87533062717	1708
FBgn0034546	403	134.832684541103	969.75
FBgn0034560	639	811.870335792873	1655
FBgn0034488	248	582.058595276583	1010.5
FBgn0034447	259	1445.26768658772	1274
FBgn0034521	93	657.12406297764	680.75
FBgn0034592	162	98.5684701140137	459.25
FBgn0034601	476	157.509655272413	1110.5
FBgn0034499	349	4918.6681769077	1731
FBgn0034641	289	1452.18491585401	1334.5
FBgn0034443	97	91.4021055936483	293.75
FBgn0034647	65	219.150861505935	349.25
FBgn0034583	205	361.420198233621	795.75
FBgn0034657	305	3270.28967214929	1578.25
FBgn0034693	211	980.169424272602	1067
FBgn0034709	349	1634.20837126287	1473
FBgn0034645	115	70.7350008705484	312.75
FBgn0034687	161	351.669023228668	687.25
FBgn0034718	183	339.201351230259	733
FBgn0034737	290	1993.05630769641	1421.25
FBgn0034651	581	2112.00336953335	1870.25
FBgn0034566	291	4398.44100508737	1609
FBgn0034658	289	22.3077066221861	626
FBgn0034816	498	3884.63087348252	1934.5
FBgn0034824	542	255.619839653172	1280
FBgn0034825	420	249.860760867307	1115
FBgn0034826	723	5155.59180798136	2122.5
FBgn0034827	386	369.510754908019	1154.75
FBgn0034808	195	2104.93961746495	1234
FBgn0034835	365	139.035121290788	909.5
FBgn0034840	352	40.1930053294154	760.75
FBgn0034842	418	299.518979673524	1159.5
FBgn0034187	53	251.233700398652	357.25
FBgn0034800	124	589.275883907237	739
FBgn0034844	444	178.806982226785	1078
FBgn0034786	250	901.3050258653	1122.5
FBgn0034828	256	863.535412900555	1127.75
FBgn0034841	469	346.711269348808	1265
FBgn0034882	381	94.4990571145068	892.75
FBgn0034727	166	1205.43212168464	1024.75
FBgn0034887	256	1141.81228665128	1206.75
FBgn0034897	100	140.346431366307	351
FBgn0034863	100	895.743641434445	781
FBgn0034939	211	2625.04063504444	1327.5
FBgn0034745	209	573.789801105157	926.25
FBgn0034970	387	2453.458343737	1649.25
FBgn0034957	231	1298.83968369602	1185
FBgn0034866	108	602.160241035175	701.25
FBgn0034975	240	1328.69328333131	1205.5
FBgn0034907	514	167.976841709862	1171
FBgn0034998	399	109.082445187737	937.5
FBgn0034846	141	533.729116759765	745
FBgn0034974	393	8786.70132125611	1855.5
FBgn0035003	420	1834.04185365835	1631
FBgn0035004	584	1130.46751863614	1706.75
FBgn0035005	406	98.9988266148311	944
FBgn0034031	63	194.073568347154	320.5
FBgn0035007	712	3972.87252131483	2079
FBgn0034950	200	2852.91349357131	1320
FBgn0035008	518	1475.25910733811	1709.25
FBgn0035021	483	4946.89225043305	1954
FBgn0035022	584	11764.0707018212	2115.75
FBgn0033872	70	18.386221305543	129.5
FBgn0035047	666	13864.2554515689	2164.5
FBgn0035143	244	458.639772194628	932.75
FBgn0034982	217	1325.35902794602	1163.25
FBgn0035099	346	1572.55392439078	1456.75
FBgn0034728	156	1089.37502915208	962.75
FBgn0034985	144	691.26081884665	821
FBgn0035124	625	1603.6957186369	1829.5
FBgn0035161	385	833.202320020786	1359.25
FBgn0035162	336	1453.24926150704	1423.25
FBgn0035196	495	175.420273771249	1155.75
FBgn0035076	110	61.5869495819794	285
FBgn0035192	117	249.356785621915	500.75
FBgn0033391	52	94.4692349899091	196.25
FBgn0035234	106	786.956822277994	759
FBgn0035245	439	5882.22442952303	1903.25
FBgn0035218	416	139.816524850116	1002
FBgn0035263	612	8554.81663300392	2125.5
FBgn0035262	76	802.72027296749	700.75
FBgn0035265	589	2185.26638216799	1889
FBgn0035227	267	1425.69701059204	1285
FBgn0034915	280	1968.18474209665	1399.25
FBgn0035228	111	645.15722836831	720
FBgn0035280	368	1951.90291673806	1554
FBgn0035273	268	2236.73297216898	1406.5
FBgn0034923	198	616.674345320171	917
FBgn0035207	284	3474.31649733454	1549.25
FBgn0035293	337	1612.2508599637	1452.5
FBgn0035281	355	2651.13454783312	1608.5
FBgn0034856	132	198.678957742474	489.5
FBgn0035111	202	911.329855634896	1027.5
FBgn0035308	246	3461.61149115318	1466.5
FBgn0035299	431	4493.95706835144	1854.25
FBgn0034793	51	141.796082267168	245.25
FBgn0035335	87	25.2783703520426	173
FBgn0035321	162	275.527457741232	633.25
FBgn0035425	404	7113.11666440793	1870
FBgn0035283	161	3729.75972363178	1301.25
FBgn0035430	534	6087.19133656026	2033.75
FBgn0035398	265	2332.00416353413	1410.5
FBgn0035427	319	1065.65915789408	1310.25
FBgn0035380	504	1536.51299044677	1706.25
FBgn0035464	333	3278.78026273179	1629.5
FBgn0035409	89	52.6886832794997	215.75
FBgn0035490	215	417.74423125113	855.5
FBgn0035455	341	3084.03423655165	1627.5
FBgn0034420	62	193.626677854261	318
FBgn0035496	168	359.383470794348	712.25
FBgn0035501	223	712.988897660654	1010
FBgn0035521	97	367.207570513929	547.75
FBgn0035510	294	1660.22167967452	1379.75
FBgn0035491	599	2702.65547229327	1949.5
FBgn0035544	270	5182.00017240843	1593.5
FBgn0035519	386	6089.17002102361	1822.25
FBgn0035539	204	1019.41337375478	1055.75
FBgn0035545	284	2140.03444845356	1429.75
FBgn0035546	302	3655.93993898188	1597
FBgn0035548	437	11113.9079892824	1933
FBgn0035568	442	215.77232527631	1112.75
FBgn0035384	355	62.2557811308639	801.5
FBgn0035598	687	2747.27667622668	1993.5
FBgn0035657	593	665.948158670583	1573.25
FBgn0035523	309	1923.79910146305	1447.5
FBgn0035553	368	3881.55918439717	1726
FBgn0035709	620	1511.94387894107	1808.75
FBgn0035724	245	96.2980808657561	631.25
FBgn0035776	623	720.024831891559	1613.5
FBgn0035585	144	749.514064781947	834.5
FBgn0035782	492	1935.66661119368	1749.5
FBgn0035786	567	1993.88863957615	1842.25
FBgn0035800	596	2550.2777986035	1930.5
FBgn0035372	124	409.678784351084	644
FBgn0035713	410	4064.83217422613	1815
FBgn0035480	108	258.397559011896	482.25
FBgn0035679	267	1095.77577439756	1210.5
FBgn0035495	113	110.7540974094	351.5
FBgn0035817	140	149.891397329223	459
FBgn0035753	52	35.7474481355295	116
FBgn0035844	469	3899.87232813943	1888
FBgn0035823	704	3016.90859130831	2016
FBgn0035915	636	771.085213483334	1638.25
FBgn0034520	20	3.02545808368208	22
FBgn0035873	211	433.359438561583	859
FBgn0035845	184	455.640113033921	810.25
FBgn0035924	444	267.404831468599	1162.5
FBgn0035867	246	1659.66488096922	1277
FBgn0035952	157	362.801242567941	687.25
FBgn0035971	661	2143.89132674751	1923.25
FBgn0035988	674	1043.08346571269	1726.5
FBgn0035969	81	55.0732413667764	210.25
FBgn0036015	126	225.767479198486	500.75
FBgn0036014	606	4565.06375888838	2064.5
FBgn0035977	210	896.583070407531	1040.75
FBgn0036022	264	1172.22181776201	1232
FBgn0036038	393	3117.83529401757	1721.5
FBgn0036029	624	2036.95228590854	1894
FBgn0036075	541	1228.39910054492	1691.25
FBgn0035880	255	2672.25667296388	1427
FBgn0035730	139	593.289932657408	774.25
FBgn0036156	435	1429.25663909804	1583.5
FBgn0036125	493	576.438537308296	1437
FBgn0036082	313	37.3223478191178	694.5
FBgn0036118	113	53.337859393826	278.5
FBgn0036169	48	13.1336221171315	79
FBgn0036141	300	1166.83152014202	1301.25
FBgn0036159	347	485.31330481521	1150.25
FBgn0036160	529	560.64246570233	1468
FBgn0036162	326	54.8985611150255	749
FBgn0036217	386	268.102610090388	1071.75
FBgn0036218	280	126.678991228842	739.75
FBgn0036204	309	255.717226026341	928
FBgn0036187	216	815.584251039223	1029.5
FBgn0036222	559	2364.17840913821	1875.75
FBgn0036246	393	201.798669707918	1022
FBgn0036310	331	124.10472451675	836.25
FBgn0036208	178	676.09217955904	896
FBgn0036214	203	674.280344492528	951.25
FBgn0036311	561	315.277442670596	1355
FBgn0036329	563	391.706040925744	1413
FBgn0036345	174	26.6900045217392	385.75
FBgn0036403	303	715.151514972476	1177
FBgn0036290	389	3769.62432582873	1759.75
FBgn0036325	316	4029.91026982761	1644
FBgn0036346	513	4518.52229722988	1973.5
FBgn0036415	548	468.448210817421	1437.25
FBgn0036426	591	4683.60210453118	2062
FBgn0036437	556	8618.76972966793	2079.5
FBgn0036438	558	366.059447689732	1386.5
FBgn0036441	624	2418.93851853444	1933
FBgn0036058	308	2257.27866784478	1492.25
FBgn0036168	155	199.318454497779	539
FBgn0036381	39	2105.01249806608	886.5
FBgn0036443	425	4650.91392924004	1855.5
FBgn0036465	363	145.087776908295	913.25
FBgn0036482	332	2149.04078223729	1524.5
FBgn0036490	436	2452.97890762341	1724.75
FBgn0036323	185	647.769103515796	899.75
FBgn0036446	246	1970.07392777843	1324
FBgn0036497	615	6243.06969191486	2107.25
FBgn0036505	541	10220.7258733529	2070.75
FBgn0035968	170	1432.86714972186	1079.5
FBgn0036474	202	852.643741562028	1009.5
FBgn0036585	127	1012.17127292325	876.75
FBgn0036590	272	3044.41083416014	1496.25
FBgn0036597	408	7230.59947927653	1882.25
FBgn0036608	603	6607.47207267578	2107.5
FBgn0036589	146	394.828478354597	682.75
FBgn0036619	115	113.054480303604	361.25
FBgn0036567	205	610.2783827706	932.75
FBgn0036599	317	4597.02977090026	1670
FBgn0036568	204	847.251828866208	1011.25
FBgn0036609	623	1636.62762451867	1832.5
FBgn0036101	46	261.837182624294	351.25
FBgn0036652	529	3992.9671457658	1969
FBgn0036687	255	250.214625527822	811
FBgn0036703	328	191.884308228133	902
FBgn0036607	129	208.79586415512	493.5
FBgn0036624	323	2363.51199550556	1529.75
FBgn0036695	296	2585.77333403879	1499.75
FBgn0036706	407	351.027561085717	1178.5
FBgn0036729	371	278.523647284609	1059
FBgn0036784	533	613.681589654701	1496.25
FBgn0036807	156	327.433452565857	657.25
FBgn0036769	247	1121.55735031071	1176.25
FBgn0036773	451	6076.70318294188	1923.25
FBgn0036805	106	155.281020619609	380.5
FBgn0036828	411	3493.43502278017	1783.75
FBgn0036785	520	215.515548478669	1220.75
FBgn0036551	41	31.8361567954022	94.5
FBgn0036895	607	550.820770585713	1534
FBgn0036728	114	112.857741584069	356.25
FBgn0036900	77	134.948212117588	291.5
FBgn0036808	208	967.971305392932	1053.75
FBgn0036925	109	1092.71431686884	853.25
FBgn0036043	61	23.0432865929896	117
FBgn0036417	79	155.789920235294	321.25
FBgn0036704	50	20.0805342765302	90.25
FBgn0036919	202	766.911392978218	981
FBgn0036931	90	212.167284978361	395.75
FBgn0036958	250	1162.59361368196	1194.5
FBgn0036881	318	1979.74845397557	1478.75
FBgn0036985	550	16553.6692142231	2083.75
FBgn0036980	276	1808.41367323202	1366.75
FBgn0036449	28	16.5437578589649	52
FBgn0036671	109	807.865117880537	776.25
FBgn0037021	254	1786.30101993239	1313.75
FBgn0036757	118	308.339515622762	558.25
FBgn0037040	401	142.832277971725	976.5
FBgn0036905	343	48.0723471937341	758.5
FBgn0037037	357	181.952174263257	938.25
FBgn0037064	470	423.275621981264	1319.5
FBgn0036620	162	207.194457177448	570.75
FBgn0036926	45	22.4800495337403	86.25
FBgn0035087	17	28.2015562312574	56.25
FBgn0037101	494	155.704104989763	1136
FBgn0036170	48	13.1336221171315	79
FBgn0036941	176	613.780673460266	868.5
FBgn0037170	446	4335.51666474121	1874.25
FBgn0037147	535	223.98673274215	1244.5
FBgn0037010	427	5541.25781583974	1880.5
FBgn0037106	181	442.50595277648	795
FBgn0037135	305	1386.8830406837	1357.25
FBgn0037230	174	764.181365569741	910.25
FBgn0037225	291	901.309591367083	1212.5
FBgn0037169	89	545.702632871383	624.75
FBgn0037206	403	4663.51665070382	1820.25
FBgn0037288	255	571.58344767627	1023.5
FBgn0037172	350	1670.10172271101	1482.25
FBgn0037297	496	8472.31249245883	2018
FBgn0037137	95	895.868444663808	769.25
FBgn0037191	469	409.784473424923	1310
FBgn0037320	511	6087.6566273406	2009.75
FBgn0037035	138	1114.13063244463	933.75
FBgn0037325	177	257.867840170746	647
FBgn0037059	148	283.174129894761	604
FBgn0037385	574	3412.00306766029	1981.75
FBgn0037416	445	6443.80175061066	1922.5
FBgn0037455	572	2383.85838179914	1889
FBgn0037456	551	1282.90603245951	1711.5
FBgn0037460	260	29.580911922243	583.5
FBgn0037388	282	131.980271079721	748
FBgn0037461	601	1177.98133263316	1734.5
FBgn0036285	16	3.46558909508306	19.25
FBgn0036939	40	19.4703479785032	74
FBgn0037372	198	1218.4373262657	1099.5
FBgn0037463	443	156.530228747518	1056.75
FBgn0037483	546	1203.07461976202	1685
FBgn0037464	72	274.265401370643	419.25
FBgn0037486	662	1547.8856918227	1834.5
FBgn0037248	193	407.972568308648	798.5
FBgn0037419	318	1335.07725777195	1375.25
FBgn0037502	287	1826.38398588709	1389.5
FBgn0037371	183	3500.06426512724	1339
FBgn0037398	129	690.645569661327	787.5
FBgn0037530	437	5420.62847361354	1891
FBgn0037415	225	578.547234642242	963.5
FBgn0037571	213	1756.64030102566	1224.75
FBgn0037573	385	2138.35489606247	1611.75
FBgn0037500	66	7.36841914734884	107.75
FBgn0037506	472	208.147523569317	1156
FBgn0037592	356	3498.94609646308	1679.75
FBgn0036289	26	8.19557527035439	38.75
FBgn0037478	177	894.071455110388	963
FBgn0037616	391	191.75378267969	1007
FBgn0037515	122	386.479551974205	624.5
FBgn0037030	63	123.574698311475	247
FBgn0035921	28	6.28913554054823	40.5
FBgn0037635	229	1047.49047892394	1115.25
FBgn0037664	581	664.379635588977	1560.25
FBgn0037828	525	239.354584714491	1247.5
FBgn0037163	17	174.540082413447	227.75
FBgn0037420	92	198.52853798747	387.25
FBgn0037697	201	660.237180365337	938.75
FBgn0037829	519	502.312737298128	1424.75
FBgn0037826	165	162.17747875718	533
FBgn0037860	597	476.346168437981	1493.75
FBgn0037644	194	900.381782666639	1005
FBgn0037838	108	179.061993384815	407.75
FBgn0037796	141	358.685332861536	643
FBgn0037912	168	700.490502532904	885.75
FBgn0037707	522	9964.07785068604	2049.25
FBgn0037862	583	572.055111079751	1529.25
FBgn0037834	77	766.533550858936	688.5
FBgn0037913	181	779.199287314941	938
FBgn0037835	64	38.5430043588052	142.25
FBgn0037877	121	567.246386300021	719
FBgn0037890	123	258.102473826924	522.5
FBgn0037896	301	1169.18376315044	1304.25
FBgn0037758	157	671.224081591991	843.75
FBgn0037944	401	2372.83765490075	1664.5
FBgn0037915	317	1456.0003907533	1394.75
FBgn0037939	476	167.318505958478	1119
FBgn0037986	315	193.587226416597	878
FBgn0037987	528	249.085231716536	1258
FBgn0037994	468	568.589161861571	1393.75
FBgn0038000	199	264.320118154103	699.75
FBgn0037924	72	278.048915391593	422.75
FBgn0037970	144	358.618131960355	649.5
FBgn0037536	245	3450.62020676334	1462.25
FBgn0037855	114	184.227756560097	431.25
FBgn0037972	290	1072.87224720283	1249.75
FBgn0038078	316	3284.09603691369	1600.5
FBgn0037933	108	664.336227278591	720.25
FBgn0038018	523	957.330216564531	1598
FBgn0038049	255	1670.27227247384	1304
FBgn0038123	400	6320.63850653947	1849
FBgn0038095	159	691.019781881067	859
FBgn0037653	90	143.974785701448	326.75
FBgn0038129	306	1362.59392089664	1355.75
FBgn0038130	316	2319.17318220046	1511.5
FBgn0038097	373	367.499673901473	1130.25
FBgn0038127	550	614.651017804941	1514.25
FBgn0038016	200	1152.15216814333	1089
FBgn0037926	116	454.640397166817	650
FBgn0036996	20	152.058548638814	210.5
FBgn0038008	262	231.818974232597	811.25
FBgn0038126	302	2867.59256295878	1536
FBgn0038163	622	685.126242807123	1601
FBgn0038108	165	682.768436200391	869.5
FBgn0038200	709	2595.70937043866	1977.5
FBgn0038208	549	262.732690199795	1292.5
FBgn0037518	121	402.978511335418	632.5
FBgn0038209	548	1304.33667558124	1707.75
FBgn0038225	540	1248.90215757774	1694
FBgn0038039	58	211.882948029893	331.5
FBgn0038210	420	420.574308608478	1245
FBgn0038213	223	1739.23252576013	1243
FBgn0038248	364	84.0946525249527	846.5
FBgn0038168	150	1039.07819449198	933
FBgn0036714	33	45.6551517539356	100.25
FBgn0038201	36	64.4536207249062	136.75
FBgn0038266	335	1131.0695942809	1356
FBgn0038280	405	230.610416645602	1071.75
FBgn0038345	198	260.765645318526	694
FBgn0038355	583	655.415688046451	1557.75
FBgn0038258	160	1036.57535432073	959.25
FBgn0038180	70	269.050965946866	409
FBgn0038361	231	2738.03549901775	1380
FBgn0038373	509	1779.05413772588	1748.5
FBgn0038337	145	656.052184117579	806
FBgn0038218	210	471.07264872348	876.25
FBgn0038381	217	1344.87345250416	1167.75
FBgn0038385	254	2367.48048557024	1388.75
FBgn0038343	91	361.126854084317	522
FBgn0038398	371	1794.66044815403	1540.5
FBgn0038179	91	283.335466550142	465
FBgn0038359	431	116.430352921178	995.25
FBgn0038320	156	335.657129897026	663.25
FBgn0038321	262	3537.17389751882	1510.75
FBgn0038405	306	1872.99052944746	1436.25
FBgn0038316	375	6499.60366408916	1811
FBgn0038377	343	765.240968087782	1256.5
FBgn0038423	483	457.562262725609	1360
FBgn0038445	303	385.354032460618	1020
FBgn0038458	241	2639.21875930967	1384.5
FBgn0038149	208	667.535191364386	957.25
FBgn0038412	168	602.904872981078	849.25
FBgn0038460	222	379.139951370997	846.75
FBgn0038486	392	309.968995446303	1121
FBgn0036751	22	28.3118155341909	63.75
FBgn0038539	586	553.708730175565	1522.75
FBgn0038589	94	52.5622134958106	232
FBgn0038565	468	877.576489421759	1499.75
FBgn0038567	396	5408.87615904615	1824.75
FBgn0038598	532	1258.9391381463	1687
FBgn0038511	200	1298.42497434238	1118
FBgn0038491	211	1934.94648649833	1247
FBgn0038525	381	1929.70989825615	1573.75
FBgn0038578	214	2474.05133682249	1318.5
FBgn0038607	441	2257.72189557464	1713.5
FBgn0038630	582	540.077689854619	1510.5
FBgn0038418	48	89.0824963150279	183.75
FBgn0038655	651	1753.83807638528	1862.75
FBgn0038694	578	682.108422087092	1567.5
FBgn0038697	504	196.315607900361	1187.75
FBgn0038706	251	29.0774947466284	555.5
FBgn0038432	178	528.506013928264	832
FBgn0038632	470	4548.81419373227	1917.5
FBgn0038541	147	281.015234337536	600.25
FBgn0038720	407	2597.41189346957	1703.5
FBgn0038448	394	4977.5833569291	1813.5
FBgn0038682	96	526.855975724471	636
FBgn0038722	175	682.499490343352	890
FBgn0038760	330	3368.85123504089	1632
FBgn0038708	470	156.763428738561	1101.5
FBgn0038709	414	151.573113294182	1014.5
FBgn0038819	181	426.176962489502	785
FBgn0038820	295	1002.49685840404	1244
FBgn0038797	450	182.100242117614	1094.25
FBgn0038690	47	13.5270907919694	78
FBgn0038892	307	200.837701740772	876
FBgn0038915	335	2440.93939738362	1555.5
FBgn0038921	286	207.366706844116	836.25
FBgn0038733	191	1278.90696328551	1094.75
FBgn0038832	201	516.238199657044	876.25
FBgn0038958	350	3356.74027473579	1659.25
FBgn0038950	190	766.571897824822	951.25
FBgn0038964	269	1177.95569754565	1242.75
FBgn0038768	257	2291.42582857618	1391.25
FBgn0038934	480	1113.86147640172	1583.5
FBgn0038145	94	606.18307669186	669.5
FBgn0038829	224	1665.78392960952	1236.5
FBgn0038968	101	376.248878392758	562.75
FBgn0038978	98	150.164119811854	360.75
FBgn0038979	481	162.191356627614	1121.25
FBgn0038617	112	1234.89664406379	901.5
FBgn0038638	47	145.828762290353	244.5
FBgn0038965	301	3888.03845874855	1606.75
FBgn0039010	329	324.524701165673	1025.5
FBgn0038944	307	62.3211139754785	725.5
FBgn0039070	407	672.544494968441	1347.5
FBgn0039071	414	70.9322656995859	924.5
FBgn0038952	394	2225.26478526506	1636
FBgn0039088	433	101.218270246197	985.25
FBgn0038590	78	18.1059237705437	145.25
FBgn0038966	453	8468.15900528486	1950.25
FBgn0039151	383	2048.39710222504	1600.25
FBgn0039155	306	1210.97926145286	1326.75
FBgn0038983	260	1730.24188534182	1323.5
FBgn0039013	120	967.757964143735	851
FBgn0039104	459	145.583557056313	1070.75
FBgn0039183	379	2535.74364410378	1642
FBgn0038846	23	12.2083380005085	41.5
FBgn0039027	237	1763.44077835167	1273
FBgn0039145	159	501.657114380626	773.5
FBgn0039131	37	98.3886209934095	180.75
FBgn0039147	179	1431.60517901715	1096.75
FBgn0039215	376	2202.76609809043	1607
FBgn0039169	213	1772.51471510401	1227.25
FBgn0039241	36	172.651419015337	255.75
FBgn0039244	348	5848.5039457758	1747
FBgn0039083	400	3642.31310429633	1768.5
FBgn0039109	89	413.407512439222	551.75
FBgn0039234	202	591.939830453127	919.5
FBgn0039273	109	271.064439992616	498.25
FBgn0039293	268	2706.63324404103	1456.5
FBgn0039227	180	697.228828107845	908.75
FBgn0039308	278	1403.7473650653	1306
FBgn0038629	74	218.043893218149	370.25
FBgn0039274	96	816.098578877929	750
FBgn0039192	300	86.157389823219	736.75
FBgn0039246	348	105.474125320596	843
FBgn0039343	621	799.673051554404	1638.25
FBgn0039366	482	145.384896194051	1105.25
FBgn0039235	69	918.647881477611	720.75
FBgn0039297	357	5776.92542688077	1762.75
FBgn0039331	254	299.28614242452	851.75
FBgn0039369	530	1468.29710985015	1722.75
FBgn0039367	482	145.384896194051	1105.25
FBgn0039370	496	2923.45541822924	1865
FBgn0039371	591	2634.16594908768	1933.5
FBgn0039373	344	35.59551571902	741.25
FBgn0039374	457	182.983495796067	1106.25
FBgn0039395	500	320.476657049585	1297
FBgn0039398	466	205.709528519162	1140.25
FBgn0039302	323	1416.43023781117	1396.75
FBgn0039306	350	3850.14994792138	1690.25
FBgn0039435	438	5525.36668498592	1894.75
FBgn0039425	585	701.948416525607	1583.5
FBgn0003132	336	443.74311831448	1111.75
FBgn0039309	278	1403.7473650653	1306
FBgn0039161	109	148.731545905451	382.75
FBgn0039451	326	2656.34823664276	1567
FBgn0039272	152	179.634269563805	512.5
FBgn0003162	339	2788.31090349597	1598.25
FBgn0003279	81	149.057261314381	318.75
FBgn0003089	297	2558.2340664147	1499.75
FBgn0003278	69	508.188977751917	563.75
FBgn0003257	97	133.592437289838	334.25
FBgn0003295	356	2905.67522608162	1632.25
FBgn0003330	257	3097.92672545383	1470.25
FBgn0003447	215	524.443721383714	912.5
FBgn0039321	170	537.271336736747	821.5
FBgn0003328	231	1572.22274776557	1233
FBgn0003502	51	154.821321766388	259.75
FBgn0003545	265	1945.15917601057	1361.5
FBgn0039084	35	37.9240935033269	92.25
FBgn0003559	270	1981.38170176896	1381.5
FBgn0003464	323	2979.44381099523	1588.75
FBgn0003520	349	3446.71668694267	1664
FBgn0003149	43	21.3832988220414	81
FBgn0038558	64	185.659651032271	316.75
FBgn0003187	625	4176.42731276922	2064.5
FBgn0038466	19	3.34800919364184	21
FBgn0003598	236	778.741715632336	1053
FBgn0003716	445	3123.72876505371	1807
FBgn0039217	12	2.04576286802445	12.75
FBgn0003889	596	1302.84000763502	1756.5
FBgn0003366	171	179.873064301041	563.5
FBgn0003721	83	41.7289431153408	187.5
FBgn0003997	354	6904.33835274967	1774.75
FBgn0003886	159	685.114554964391	856.5
FBgn0004171	573	325.913806369585	1373.5
FBgn0004172	455	611.869282233876	1393
FBgn0004173	472	556.701072963577	1395
FBgn0004174	361	129.689877670949	884.5
FBgn0038818	69	54.1357468012638	180.25
FBgn0003517	129	231.492508903851	511.5
FBgn0003334	232	1712.73199694415	1258.75
FBgn0003882	244	3586.34574835167	1467.75
FBgn0004179	96	62.6070159329939	255
FBgn0004050	220	1366.17553081795	1177.75
FBgn0004556	310	1817.38375279218	1437
FBgn0004516	80	39.1895505805032	179.75
FBgn0003950	96	398.560388742678	568
FBgn0004419	370	2254.9137496372	1597
FBgn0003891	245	893.785385392025	1105.75
FBgn0004368	239	2530.61735092387	1371
FBgn0004587	270	1997.79985512889	1385
FBgn0004598	245	1078.52609158224	1152.75
FBgn0004611	309	4284.18159082462	1645
FBgn0039099	21	11.7628116266788	37
FBgn0039311	106	725.719366356306	740.5
FBgn0003748	53	71.3988007203388	174.25
FBgn0004052	197	1516.94613374048	1150.5
FBgn0004643	157	464.398614229766	749.75
FBgn0004169	159	261.716498529322	609.5
FBgn0004580	94	53.4010945648721	233.5
FBgn0004620	161	581.52695394803	822.75
FBgn0004577	334	2139.75445322157	1524
FBgn0004618	155	733.315271548194	856
FBgn0004780	521	6670.01543008141	2030
FBgn0004657	127	671.88492249051	773.75
FBgn0004782	486	5328.37515044114	1967
FBgn0004783	483	7594.0580489363	1993.5
FBgn0004854	422	5009.5439017327	1865.25
FBgn0034330	10	2.77126455777601	11.75
FBgn0004860	270	2544.86122109957	1444.5
FBgn0003676	126	198.95508457084	475.75
FBgn0004777	160	1141.63487622033	995.25
FBgn0005355	255	2428.72587648972	1399
FBgn0005616	375	2465.53707218415	1629.5
FBgn0004861	117	757.84060706792	777.75
FBgn0005664	495	4215.50387429451	1945.75
FBgn0039480	464	3668.98668486062	1869.75
FBgn0004175	451	98.1080585797491	1008.25
FBgn0005612	370	1129.06563180643	1415.5
FBgn0039491	611	1224.9277573943	1751
FBgn0003861	66	368.941411721545	479.25
FBgn0039498	309	1224.84670430397	1338.5
FBgn0039501	628	708.89665296427	1615.25
FBgn0004698	177	383.674318598682	750
FBgn0039518	550	1331.94915520967	1716.75
FBgn0039576	609	2914.19093694271	1969
FBgn0039492	96	793.252726118266	740.5
FBgn0039544	248	1039.47829411447	1151
FBgn0039558	269	2646.71517402998	1450.75
FBgn0005674	165	296.560388070892	658
FBgn0039481	490	4250.29250924878	1938.75
FBgn0039609	324	1494.8848519331	1413
FBgn0039613	160	534.395810344763	794.25
FBgn0039628	192	541.335347803575	868.5
FBgn0039632	116	762.70188123925	776
FBgn0039577	414	580.814061183519	1324
FBgn0039600	232	2086.0834608043	1313.25
FBgn0039630	243	1010.19219419187	1130.75
FBgn0039669	245	3799.04935463042	1482.75
FBgn0039637	467	5555.40288089865	1939
FBgn0039694	425	2966.36392384347	1760.5
FBgn0039686	361	2441.27113446658	1597
FBgn0039636	362	3620.04752830657	1699
FBgn0039748	177	854.497760209265	954
FBgn0039503	94	308.284959077217	496
FBgn0003887	50	257.123469830705	354.25
FBgn0039714	235	3030.84434918672	1412.75
FBgn0039656	53	361.751928028145	447.75
FBgn0039758	93	472.24398754108	598.75
FBgn0039622	244	1064.01005919227	1146.25
FBgn0039707	650	1764.12138841766	1863.75
FBgn0039752	294	1213.14923930348	1302.25
FBgn0039792	463	168.863625984252	1100.5
FBgn0039796	557	301.816514478318	1340.5
FBgn0039709	371	4865.9780220832	1774
FBgn0039728	362	3664.67316405809	1703.5
FBgn0039767	292	1380.22584000145	1328
FBgn0039759	150	1212.73841794077	986.5
FBgn0039703	187	570.906882765568	875.5
FBgn0039722	93	923.283012332031	773.25
FBgn0039805	418	3045.65373509806	1762.5
FBgn0039638	107	818.481070545324	774.5
FBgn0039797	576	400.161875123984	1434
FBgn0039085	6	5.22970372239006	12.5
FBgn0004636	57	130.381998973813	242
FBgn0039914	291	3077.319184791	1536.5
FBgn0039955	334	1379.04285518292	1406.5
FBgn0040271	175	791.952045161913	926
FBgn0039858	282	2582.54789643941	1472
FBgn0040323	370	3053.67708147955	1678
FBgn0040343	367	1695.43593172092	1515.5
FBgn0039788	201	732.615369582982	965.75
FBgn0040038	540	333.253057185337	1345
FBgn0040356	237	1586.50345524302	1247
FBgn0040368	656	9638.72808865317	2155.5
FBgn0040382	474	5139.69419932964	1942
FBgn0040371	371	53.6193505737748	822
FBgn0039809	93	57.0864984632059	236.75
FBgn0039749	88	98.2226633332331	273
FBgn0040351	252	1138.83735480075	1191
FBgn0040519	565	328.085775568143	1367.5
FBgn0040575	115	52.3531428072479	285.25
FBgn0040637	481	4232.99450670596	1921.25
FBgn0040688	327	3130.64634767761	1614
FBgn0040252	29	250.030595614532	316.5
FBgn0040679	340	375.17184559621	1074.5
FBgn0040773	146	157.16439053725	480.75
FBgn0040699	350	3249.05448181425	1653.25
FBgn0040508	444	1888.19869304708	1667
FBgn0040812	461	2110.70029392683	1727.75
FBgn0040496	194	945.848862366571	1017.5
FBgn0040794	367	3044.81836385082	1671.5
FBgn0040502	195	945.159697267043	1019.5
FBgn0040608	76	45.7102417515845	181.75
FBgn0040629	197	576.973919497791	898
FBgn0040817	436	2782.87348678725	1760.25
FBgn0040747	174	207.714210042404	595.75
FBgn0040816	143	44.1185049716361	333.5
FBgn0040074	112	100.901331496102	338.5
FBgn0040859	492	764.024087761268	1498.5
FBgn0005771	66	261.464761384015	390.25
FBgn0040534	39	84.9679887276369	164.5
FBgn0040923	194	559.439685481765	882
FBgn0040904	406	677.877346110334	1345.5
FBgn0040877	123	200.331342760701	471
FBgn0040996	534	1744.58774350748	1768.75
FBgn0040972	13	21.0440120235903	38.75
FBgn0040601	34	65.8302831852123	133.5
FBgn0040843	439	4121.82209357647	1854.25
FBgn0040992	214	378.993024547202	829.25
FBgn0041627	180	977.104199413988	994.25
FBgn0041712	264	1281.89303531399	1255.5
FBgn0040942	89	873.941065863435	742.25
FBgn0041094	435	6868.7227576011	1912
FBgn0042125	215	996.335029400227	1077
FBgn0042094	328	6691.82510631716	1735
FBgn0040963	515	244.958084862081	1243
FBgn0042179	404	5431.04068187995	1844
FBgn0042189	295	18.8000167943432	632
FBgn0041181	160	771.033239281778	886.75
FBgn0038595	11	28.55848862858	52
FBgn0042201	458	3867.21147084629	1870
FBgn0042198	527	1586.17120506854	1736.75
FBgn0042641	109	159.140143957415	395.25
FBgn0042710	511	194.268656024175	1191.25
FBgn0041205	128	1091.43829876271	900
FBgn0042085	276	1179.31560017836	1259.75
FBgn0041184	22	137.59143997941	194.75
FBgn0042205	181	4030.84384566578	1361.5
FBgn0039972	91	302.862708064242	482.5
FBgn0043364	35	163.497409084608	247.75
FBgn0043796	173	1924.176781423	1155.25
FBgn0003575	35	28.4406673123287	83.75
FBgn0043900	352	2552.6564290506	1594.75
FBgn0045035	312	1900.57525750898	1449
FBgn0043025	404	367.148107200804	1183.5
FBgn0042127	103	195.392335744866	414.5
FBgn0045063	421	3312.74100276482	1785
FBgn0041188	49	897.554714175285	671.75
FBgn0045827	470	216.019056736577	1157.25
FBgn0046294	371	63.5233352378663	837.5
FBgn0046297	312	24.2028677982234	678
FBgn0043012	136	341.558197177674	621.25
FBgn0046332	645	844.276223261727	1666.5
FBgn0046697	115	1247.9493775516	915.75
FBgn0040793	77	49.266564196438	191
FBgn0043069	289	4906.66011491047	1624
FBgn0046222	115	496.098560639673	668.25
FBgn0046253	182	2562.25684399275	1258.5
FBgn0046875	531	4796.75658475127	2004.25
FBgn0046873	295	1136.97953605911	1284.5
FBgn0046793	650	1906.45567353328	1882.25
FBgn0047338	402	179.862384623159	1016.75
FBgn0039856	25	25.1276688197652	61
FBgn0044826	65	669.390018574323	627.25
FBgn0047351	585	531.934430805612	1509
FBgn0039737	24	21.1517228141666	52.5
FBgn0042182	257	765.562723261893	1096.5
FBgn0047095	227	1210.13183069175	1159.75
FBgn0050033	89	521.963217313209	609.25
FBgn0046999	168	911.494673900856	952.75
FBgn0050045	107	213.046473697461	440.5
FBgn0050039	452	235.724660755121	1148.75
FBgn0050094	254	1409.5476818387	1252.75
FBgn0050118	394	3623.27179729781	1756
FBgn0050110	353	1192.52909647078	1399.75
FBgn0050177	508	1937.14670186823	1769
FBgn0050192	643	1322.4658798109	1788.5
FBgn0050222	219	70.5920554637567	552.75
FBgn0050268	328	385.735837502275	1069
FBgn0050275	557	422.500697339933	1422
FBgn0046874	208	545.239240242645	907.25
FBgn0050050	231	1812.98974064992	1269
FBgn0050154	293	2715.81788615912	1507.5
FBgn0050098	160	1176.72380160992	1004.75
FBgn0050278	338	43.7165124835681	743.5
FBgn0050293	349	88.0145686273181	824
FBgn0050334	100	330.868286945232	529
FBgn0050093	166	95.7403960330488	463.25
FBgn0050350	661	1215.0090620868	1775.25
FBgn0050362	273	426.192234016242	982.5
FBgn0050363	566	469.903785229458	1458.75
FBgn0050364	563	1100.73064761514	1675.75
FBgn0050365	563	1100.73064761514	1675.75
FBgn0050366	566	469.903785229458	1458.75
FBgn0050369	399	865.851268351681	1390.5
FBgn0050376	468	134.603429503606	1066.25
FBgn0050378	536	327.765820301166	1338.5
FBgn0050062	64	141.643010264389	269.75
FBgn0050274	90	149.799588311453	334.25
FBgn0050349	258	701.776395537875	1082
FBgn0050412	434	85.0877011876844	964.75
FBgn0050295	199	402.754258049066	810.25
FBgn0050414	200	487.855979450047	860.5
FBgn0050461	210	655.364981469027	957
FBgn0050429	450	222.639763779276	1130.75
FBgn0050430	398	104.85925133759	931.75
FBgn0050384	236	224.335353675201	743
FBgn0051007	242	19.0165153274502	516.25
FBgn0050487	433	374.307697253738	1230.75
FBgn0051008	514	253.509215501679	1248.5
FBgn0051010	482	688.73274753222	1463
FBgn0050343	124	210.591907818543	484
FBgn0050438	298	895.789589467795	1221
FBgn0050462	210	655.364981469027	957
FBgn0051028	166	871.571278315025	933.25
FBgn0051013	162	505.810038653793	782.75
FBgn0051055	453	7454.31250297673	1946.25
FBgn0051029	413	118.044811435335	975.5
FBgn0051040	406	2653.76258644475	1705
FBgn0051088	515	8900.22796861297	2039.5
FBgn0051099	446	850.078759628233	1461.25
FBgn0046258	62	138.473807291544	263
FBgn0051139	54	328.879966271225	428.75
FBgn0051141	563	368.795474882331	1394.5
FBgn0051206	510	299.764285321565	1290.5
FBgn0051226	503	287.000637405476	1271
FBgn0051121	471	3878.72168307037	1891.75
FBgn0051245	394	80.9417799784468	894.5
FBgn0051281	505	954.395270012923	1579.75
FBgn0050069	135	1956.1883119189	1072.25
FBgn0004644	18	2412.8713877178	886
FBgn0051176	50	228.703922743028	328.75
FBgn0051327	523	358.10636341723	1344
FBgn0051274	193	2360.4191820704	1255.5
FBgn0051300	466	4850.85600931053	1921.75
FBgn0050394	135	1147.29367668605	936.75
FBgn0051345	277	2711.31174559971	1478
FBgn0051363	356	2053.69330109205	1547.75
FBgn0051358	460	1132.41309995119	1561.25
FBgn0051344	331	4145.23756558417	1677.25
FBgn0051390	456	5352.59992891516	1919.75
FBgn0051391	548	779.793701303726	1566.75
FBgn0051294	213	1150.57877352699	1119.25
FBgn0051213	23	9.60652093780238	37.5
FBgn0051475	218	473.524877292515	896.5
FBgn0051482	406	162.122711694899	1010.5
FBgn0051459	361	52.1743233782927	796
FBgn0051533	478	275.191120298341	1222.25
FBgn0051538	466	887.156146302983	1499.25
FBgn0051204	93	397.862410682288	556.25
FBgn0051542	520	195.247894112345	1201
FBgn0051624	496	286.32312406111	1264.5
FBgn0051644	584	545.334291142063	1516.25
FBgn0051679	497	333.73911613073	1303
FBgn0051639	370	109.495085745107	889.5
FBgn0051682	483	2811.23089365012	1835.5
FBgn0051693	585	435.37636640608	1460.5
FBgn0051501	94	231.900626824271	427
FBgn0051700	365	1956.20158497622	1549.5
FBgn0051407	318	6228.03264074516	1709.25
FBgn0051546	137	128.44893466654	423.5
FBgn0051702	388	965.570220384252	1403.5
FBgn0051730	640	2540.36183605672	1957
FBgn0051292	85	390.331026626837	532.5
FBgn0032505	2	1	4.75
FBgn0051773	634	923.982129208008	1688
FBgn0051784	531	278.462849524168	1292.75
FBgn0051787	552	7403.28806494417	2071.25
FBgn0051788	452	650.745778493507	1400.25
FBgn0051804	651	1337.63699743131	1795.75
FBgn0051806	74	90.8945183085349	240.25
FBgn0051820	366	54.6827495492223	814.25
FBgn0051802	253	136.039010388527	687.75
FBgn0051858	433	1509.53002092681	1595.75
FBgn0051870	399	59.2296896445434	876
FBgn0051816	163	153.224504100626	518.5
FBgn0051874	640	785.684566646305	1644.5
FBgn0051851	339	3641.1222557573	1660.75
FBgn0051882	628	4246.22290332079	2069.25
FBgn0051907	367	5762.8645807687	1783
FBgn0051909	325	1962.66222286462	1485.25
FBgn0051910	466	437.920541067376	1321.75
FBgn0051921	522	628.797003952212	1488.75
FBgn0051948	428	232.206077246366	1108.5
FBgn0051949	634	3577.83469577653	2038.5
FBgn0040931	81	21.2201048187981	158.75
FBgn0051368	215	973.401958594325	1072.5
FBgn0051779	64	73.6822393092035	195.75
FBgn0051988	492	137.118453661951	1109
FBgn0052026	557	356.198615799982	1376.5
FBgn0052011	218	760.329406778567	1010.5
FBgn0046696	65	66.8412977386629	188.75
FBgn0051954	331	3254.81942945951	1626.25
FBgn0052061	612	741.337203168477	1609
FBgn0052064	301	23.9679332998623	653.25
FBgn0052081	552	316.875637491985	1348.75
FBgn0051547	257	998.294645707608	1166.75
FBgn0052086	439	607.162224833539	1367.25
FBgn0052075	160	480.142831275657	768.75
FBgn0052106	586	725.600792665669	1590.25
FBgn0052117	293	102.440603384582	743.5
FBgn0052119	623	1126.82771900201	1732
FBgn0050338	30	34.3611254155781	81.25
FBgn0052160	125	431.525078490292	659
FBgn0050443	119	475.455693194389	668.25
FBgn0052076	379	3014.28953555021	1687.5
FBgn0052141	522	340.672760846661	1330.75
FBgn0052181	620	601.07192843263	1567.75
FBgn0052107	221	869.312923312488	1055.25
FBgn0052192	660	1587.41803950778	1840
FBgn0052195	307	2662.15864364684	1535
FBgn0052161	142	41.8071183006873	328.25
FBgn0052298	229	85.5982839995206	587
FBgn0052238	362	2075.85233067042	1561
FBgn0052240	513	512.873301558858	1424
FBgn0051913	104	46.9398479878167	247
FBgn0052299	229	85.5982839995206	587
FBgn0052351	649	1058.09749984683	1722.75
FBgn0052371	456	301.927107797371	1215.75
FBgn0052087	165	932.00307472675	951.5
FBgn0052281	376	3014.96979381498	1684.5
FBgn0052396	344	211.008590110935	944.25
FBgn0052436	610	485.682854311388	1503
FBgn0052428	318	3004.0538456456	1584.75
FBgn0052437	597	792.587871721334	1621.25
FBgn0052450	431	143.638999128127	1023.75
FBgn0052459	450	253.537760752718	1159.25
FBgn0052487	444	2471.61182410663	1740.5
FBgn0051973	131	99.4360895587409	386.5
FBgn0051781	3	1934.74441781824	815.75
FBgn0052179	95	138.305939376482	336.25
FBgn0052499	247	2110.89564165912	1345.75
FBgn0052445	426	86.4560526389014	958.25
FBgn0052488	567	1780.63916804279	1808.75
FBgn0052230	99	143.383124692999	352.75
FBgn0052174	104	140.935560978595	361
FBgn0052440	422	8072.4056808395	1905.25
FBgn0052548	550	300.297718405582	1332.25
FBgn0052069	74	45.5915469520652	176.25
FBgn0052095	219	1703.63732922833	1231.75
FBgn0052495	361	1951.3407612147	1537
FBgn0052537	252	1666.60827275693	1290
FBgn0052591	682	3118.57639999529	2024.5
FBgn0052638	409	6091.14458862286	1868.25
FBgn0052651	575	1903.31855481769	1832.25
FBgn0052643	216	1959.85426216627	1261
FBgn0052652	488	134.45115488364	1099.5
FBgn0052655	571	465.301667143882	1461
FBgn0052657	326	357.676565124976	1041
FBgn0052660	545	2151.55288630625	1839
FBgn0051953	33	322.166462844214	388.25
FBgn0052580	86	223.981275984698	394.75
FBgn0052690	529	1346.73531992835	1698.5
FBgn0052703	480	1133.34673560439	1591
FBgn0051955	26	77.2424616385694	135.25
FBgn0052602	148	454.621951149412	720.5
FBgn0052647	132	181.237531908551	472.5
FBgn0052971	339	4044.30488906326	1683.25
FBgn0052988	590	12589.9979143354	2122
FBgn0052278	120	193.580079702722	452
FBgn0053082	268	885.585330216228	1156.5
FBgn0052832	587	1038.44806079829	1678.75
FBgn0053017	279	25.7342784591352	615.25
FBgn0052551	122	131.60435885699	392
FBgn0053125	277	155.084252005357	768
FBgn0053136	446	289.200969717924	1188.75
FBgn0051217	60	58.3487828179921	167.5
FBgn0052669	67	27.4777577952271	139.75
FBgn0052726	94	282.615133510179	475
FBgn0053126	150	764.12656676828	852.5
FBgn0053170	137	167.594021303302	471
FBgn0053140	707	10491.1282436879	2167
FBgn0053191	439	1096.46577834705	1516.25
FBgn0052553	25	40.421712307963	79
FBgn0053284	551	886.342016639965	1605.5
FBgn0053286	193	1040.31071376728	1033.5
FBgn0053287	509	2085.3890487253	1792.5
FBgn0053203	132	1024.20177141123	891
FBgn0053218	175	1425.30295419725	1085
FBgn0053293	625	4811.29027942774	2089.5
FBgn0052719	145	51.075782858495	351
FBgn0053322	495	1524.93726738498	1695.75
FBgn0053489	418	354.536163451744	1196
FBgn0052576	50	21.28360607401	93.75
FBgn0053182	288	1821.44107032249	1390.75
FBgn0053143	192	1549.57491778482	1144
FBgn0053527	373	2635.35549267424	1643.25
FBgn0053490	253	1844.51786573474	1318.75
FBgn0053664	300	253.722192686433	904.25
FBgn0051861	32	7.58271398458884	49
FBgn0053665	366	368.568894108977	1117.25
FBgn0053667	302	294.287302731101	948
FBgn0053668	277	70.1459584381324	673.5
FBgn0052699	20	50.4862025476437	89.5
FBgn0053319	285	3287.89515680803	1538.25
FBgn0053548	338	2928.07464918864	1606
FBgn0053704	303	41.3792987070519	680.5
FBgn0053669	491	959.836140046594	1562
FBgn0054012	155	37.4774739627673	350.5
FBgn0053530	110	383.334590573921	589.5
FBgn0052814	69	54.9593876840588	183.25
FBgn0053123	101	48.1818813393619	242.75
FBgn0053964	74	280.369110958654	430
FBgn0058354	299	2649.408141482	1511
FBgn0054049	501	1761.59306124555	1737.5
FBgn0053100	123	87.2489355030622	353
FBgn0054021	101	132.962757821852	341.25
FBgn0061197	632	1212.45821053993	1762.5
FBgn0062978	98	45.1863439539207	229.75
FBgn0052523	57	2134.59857795777	921
FBgn0063261	485	562.900245713401	1420.25
FBgn0060296	447	3071.79694861093	1804.25
FBgn0063498	116	110.569246852163	363
FBgn0053987	169	1451.87402296071	1079.75
FBgn0064119	613	560.45615847918	1543
FBgn0053110	34	23.8129758233659	72.5
FBgn0064126	257	765.562723261893	1096.5
FBgn0063649	70	30.3015455079407	151
FBgn0066303	74	308.68031413218	455
FBgn0053229	30	66.043084752474	128.75
FBgn0065035	235	1548.15795164381	1237.25
FBgn0065059	180	308.577454543713	702.25
FBgn0065097	244	1161.32073994764	1179.75
FBgn0053116	158	312.699199975734	654.75
FBgn0082582	335	1432.69372874147	1418
FBgn0058002	145	147.184023334408	466.5
FBgn0069913	253	267.347466009695	816.75
FBgn0069242	53	511.338169419627	534.25
FBgn0069973	350	1921.26331625452	1513.25
FBgn0083970	491	5335.65456106297	1973.5
FBgn0064912	543	380.580260469848	1384.25
FBgn0085190	577	5497.66903602795	2069.5
FBgn0083167	138	138.295915995757	440.25
FBgn0085199	123	115.169591591802	382
FBgn0085196	99	1903.61470394954	978.25
FBgn0067779	95	509.058950408923	622.25
FBgn0083943	315	56.3552806802007	729.5
FBgn0085204	479	4446.86606468324	1925
FBgn0085229	69	102.116855453665	243.25
FBgn0085233	574	415.58769221478	1435.25
FBgn0085236	146	142.940315364586	461.75
FBgn0085239	538	488.523493469489	1442
FBgn0085303	437	719.159906301819	1404
FBgn0083991	367	1775.83388125377	1528
FBgn0058198	156	531.450408653904	778.75
FBgn0085306	520	195.247894112345	1201
FBgn0064766	53	244.54486399738	350.25
FBgn0082831	298	2005.94063978189	1440.5
FBgn0085291	92	98.0811761557167	283.75
FBgn0085310	241	816.260204454973	1076
FBgn0085308	184	780.979985533865	947.25
FBgn0085376	147	584.73053357111	787.75
FBgn0085201	102	249.559795262865	460.75
FBgn0085279	137	99.8868687199489	399.5
FBgn0085356	354	2696.18173691109	1613.25
FBgn0085339	185	1121.41062989443	1046.25
FBgn0085437	331	2454.1485146705	1553.75
FBgn0085211	206	2921.91330851959	1341.75
FBgn0085419	156	380.01259802027	696.25
FBgn0085454	151	162.194573772738	497.25
FBgn0066304	74	308.68031413218	455
FBgn0085478	450	3724.43675673429	1852.25
FBgn0085468	125	81.3975040547497	348.5
FBgn0085599	431	4677.16191718232	1862.25
FBgn0085315	55	77.483026415411	186
FBgn0085736	153	194.842848381471	529.25
FBgn0085766	218	1338.94901840904	1170.5
FBgn0085772	76	164.260101852904	326.25
FBgn0064227	78	302.838026617953	458.25
FBgn0085732	386	2316.15784748082	1632.25
FBgn0086251	220	1304.33943005889	1166.75
FBgn0086451	356	2967.86339638011	1638.75
FBgn0063497	23	511.501249112864	486.5
FBgn0086694	212	1074.7819141529	1089
FBgn0085485	80	33.2861464112539	173.75
FBgn0086704	169	640.822673364221	862.25
FBgn0085321	361	211.950980743081	974
FBgn0085486	326	354.810308982651	1038.5
FBgn0086443	175	304.58156396413	687
FBgn0085464	189	3043.86752479312	1315.75
FBgn0086708	136	1136.24872610777	934.75
FBgn0086915	669	1025.59432802832	1721.25
FBgn0250825	612	497.689659590268	1509
FBgn0250826	317	88.2519115760683	775.75
FBgn0250840	379	105.852233898532	902
FBgn0250845	388	59.7401388106284	861.5
FBgn0250846	595	789.575602258999	1617.25
FBgn0086907	280	1274.08906200874	1288.25
FBgn0086916	259	2052.23347866234	1370
FBgn0086348	262	2274.45761683769	1400.25
FBgn0053309	30	21.1716713191319	63.25
FBgn0086367	294	3026.16119512843	1536.75
FBgn0250874	203	1502.78532448773	1165.25
FBgn0259101	104	487.075589595655	636
FBgn0250871	200	1368.22589603462	1132
FBgn0259184	46	84.8496238436258	172.75
FBgn0259111	381	4413.32109823337	1774.25
FBgn0259203	373	4475.12901145951	1761
FBgn0259216	379	4115.35129879213	1757
FBgn0053285	9	69.2710466517809	105.5
FBgn0250849	407	67.7250404955764	909.25
FBgn0259233	317	3368.33352836047	1608.25
FBgn0259143	270	811.578023795337	1142.5
FBgn0259219	114	235.979450389399	480.25
FBgn0259831	103	43.7977710942587	239
FBgn0259739	558	451.956587247733	1440.5
FBgn0260230	574	378.434063545977	1412
FBgn0259223	298	2339.59939728975	1476.5
FBgn0260231	574	378.434063545977	1412
FBgn0259785	451	4813.77361248094	1900.75
FBgn0260428	575	1717.80916883572	1808.25
FBgn0260453	264	49.1445553989548	614.25
FBgn0260444	291	6962.65869432687	1664.5
FBgn0260434	347	49.8510662407	768.75
FBgn0260454	264	49.1445553989548	614.25
FBgn0260459	383	843.62551596272	1360.25
FBgn0259713	70	220.239011539664	363
FBgn0260466	613	560.45615847918	1543
FBgn0260228	214	378.993024547202	829.25
FBgn0260479	413	3316.1738462366	1773.5
FBgn0259749	316	3432.83279377741	1610.5
FBgn0260653	463	4412.81501953716	1900.5
FBgn0260659	443	4772.35633954596	1883.75
FBgn0260480	525	1316.11388556	1688
FBgn0260761	200	276.921146132254	717.75
FBgn0259818	264	2141.97314781294	1390.5
FBgn0250816	68	138.032425431724	275
FBgn0259878	168	318.479648880171	685.25
FBgn0260722	455	3967.77063008159	1870.25
FBgn0260789	268	1853.58690287502	1356
FBgn0260855	334	1606.56858527377	1447
FBgn0260776	355	560.801594755062	1203.5
FBgn0259992	106	134.453450550189	354
FBgn0260954	44	27.3160629425282	92.75
FBgn0260962	343	2030.39692996796	1522.5
FBgn0260967	362	2536.7547678166	1610.5
FBgn0260997	432	4205.61911532923	1846
FBgn0085826	54	120.16732552013	230.75
FBgn0260006	54	60.07110477416	161.75
FBgn0260762	200	276.921146132254	717.75
FBgn0261258	267	1718.89161770388	1333
FBgn0260780	112	115.58806339982	352.5
FBgn0261015	209	556.876940910737	916.25
FBgn0261341	306	1619.6801065521	1401.75
FBgn0261402	130	74.6936186582737	354
FBgn0086265	27	48.7711512821765	95.5
FBgn0261429	312	1097.47514436785	1305.5
FBgn0260758	449	1081.61007898913	1525
FBgn0260996	348	305.465518197815	1037
FBgn0261287	288	239.561772913335	868.75
FBgn0259985	104	1668.36436303472	959.5
FBgn0261064	120	666.863755449672	754.5
FBgn0261019	324	2286.92064028621	1524.75
FBgn0261458	267	2598.75161251157	1442
FBgn0260969	407	6574.38222302997	1872
FBgn0261502	551	510.329572811894	1463.5
FBgn0261522	199	115.196147998527	554.25
FBgn0261529	381	3422.26163085647	1723.25
FBgn0261504	326	3836.15238955668	1653.5
FBgn0261530	420	6565.54782214255	1890
FBgn0261536	567	1993.88863957615	1842.25
FBgn0243512	66	294.252826932087	422.25
FBgn0261514	156	773.790179282588	874.75
FBgn0261505	313	1606.70819934091	1412
FBgn0261509	92	61.2198734598294	237.75
FBgn0261548	201	912.194824406574	1025.75
FBgn0261531	407	66.7655752096986	907
FBgn0259247	15	18.9780767447191	37.25
FBgn0065066	4	0.0786384311909596	4.75
FBgn0261534	155	283.595505734732	619
FBgn0261563	156	752.872718155753	863.25
FBgn0261567	31	55.3371517428772	117.25
FBgn0261582	494	164.76601780617	1147.5
FBgn0261686	167	244.61321981284	614
FBgn0261537	567	1993.88863957615	1842.25
FBgn0261806	444	5248.79907813878	1898
FBgn0261807	108	874.727848385554	792.25
FBgn0261928	91	85.1297915850599	265
FBgn0261873	446	4810.10862617913	1892.25
FBgn0261835	496	420.933171574689	1359.5
FBgn0261996	437	8154.23351211936	1923.5
FBgn0261816	465	848.054132233901	1487
FBgn0262002	500	203.219706605215	1193
FBgn0262095	303	73.8951416956217	730.5
FBgn0261998	167	313.160962888566	677.5
FBgn0262097	461	358.723347746095	1262.25
FBgn0261625	75	386.183416974569	514
FBgn0260008	98	49.4760144758912	239.25
FBgn0261963	144	1144.83894429538	955.5
FBgn0260817	61	520.457593057537	552.5
FBgn0262117	194	590.720916888214	898.5
FBgn0262125	308	2589.81781755108	1526.75
FBgn0261445	57	354.348775540962	446.5
FBgn0261549	169	202.135404606197	583.75
FBgn0261988	167	431.966899450279	758
FBgn0262115	243	1087.79550357159	1150.75
FBgn0262100	554	1833.95491813072	1803.75
FBgn0262485	454	376.11401617983	1264.5
FBgn0262566	293	3947.40393246689	1593
FBgn0262098	376	447.711590694972	1186.5
FBgn0262102	69	559.596322291566	592.25
FBgn0262568	432	143.088013224094	1024.5
FBgn0262581	449	6403.42002217042	1926
FBgn0262592	175	2675.86797559202	1252.5
FBgn0261562	129	599.514311428393	753
FBgn0262687	683	2010.81920118179	1911.5
FBgn0262790	27	6.24775890591193	37
FBgn0262791	482	1217.9749392133	1618.25
FBgn0262807	27	6.24775890591193	37
FBgn0262515	404	3138.12667294142	1747
FBgn0262036	137	592.744076192117	769
FBgn0262849	189	509.402735999328	844.25
FBgn0262850	181	568.151055011409	862.5
FBgn0261714	79	71.2817351794472	227.25
FBgn0262149	236	2015.32469945751	1311
FBgn0262787	549	560.74405248606	1488
FBgn0262836	482	1217.9749392133	1618.25
FBgn0262882	584	685.496140690952	1575.25
FBgn0262966	314	709.686974327316	1197
FBgn0262476	118	177.390661729873	433.75
FBgn0262955	287	838.93817296329	1183
FBgn0259789	35	133.213480943157	207.25
FBgn0262985	362	2539.02921173892	1611
FBgn0263032	250	203.289535027358	755.25
FBgn0262717	182	823.19499113124	958.5
FBgn0008635	357	1450.01008421326	1454.75
FBgn0262364	15	10.338698649534	27.75
FBgn0263006	179	960.726464706105	988.25
FBgn0008646	284	1817.22309421037	1381.75
FBgn0010113	234	523.744102726794	948.5
FBgn0010052	31	130.374542914985	198.75
FBgn0010220	170	544.170582743422	824.5
FBgn0262851	148	506.32893064378	746.5
FBgn0262858	176	356.294432360171	724.5
FBgn0010612	157	264.854030280754	607.75
FBgn0010317	177	889.537154522558	962
FBgn0010825	313	2159.36489525824	1493.5
FBgn0010280	47	40.4974242597033	112.5
FBgn0010786	136	398.762181907658	663.25
FBgn0011244	461	149.143146353558	1078.25
FBgn0011270	230	48.8666210905006	537.25
FBgn0010278	175	370.064323229312	735
FBgn0010830	485	5301.77493991635	1964.75
FBgn0011202	274	1408.14085750423	1297.25
FBgn0011576	191	1499.79105962605	1133.75
FBgn0011604	444	6434.0385919442	1919.5
FBgn0011297	265	1061.90819205718	1197
FBgn0011704	136	379.699001495896	649.75
FBgn0011706	254	535.614057367301	999.25
FBgn0011760	156	156.58135245135	502.75
FBgn0011207	147	337.900527347874	643.25
FBgn0011640	257	1254.95750513733	1236.75
FBgn0011766	134	120.206865766911	410.5
FBgn0263026	228	638.501468578354	986.5
FBgn0013300	464	385.156804632163	1286.75
FBgn0010423	34	106.167272847227	184
FBgn0011836	300	1349.12445017212	1338.75
FBgn0013342	93	422.995026969131	569.75
FBgn0250904	46	61.99778560619	145.75
FBgn0013348	165	793.99930732722	907
FBgn0013675	135	466.247226337937	697.75
FBgn0261286	89	466.991484593685	582.75
FBgn0011227	159	698.647111500911	861.5
FBgn0011817	128	469.715997915602	684
FBgn0013672	43	30.7473743534182	95.5
FBgn0013676	210	898.270600997721	1041.75
FBgn0013685	146	272.203967989826	587.25
FBgn0013686	319	1667.71782223182	1435.25
FBgn0013681	278	1492.56246409963	1322.75
FBgn0011661	223	424.935874844055	876
FBgn0013699	303	2955.60599875446	1548
FBgn0010504	66	370.223280785729	481.25
FBgn0263077	296	1422.30705675957	1344.25
FBgn0263093	487	5759.73335747459	1975.25
FBgn0012344	74	76.3553127920806	222.75
FBgn0263132	365	2353.34150244421	1598.5
FBgn0013688	121	201.943148020007	467
FBgn0011273	457	182.983495796067	1106.25
FBgn0013301	445	230.528190356837	1130.5
FBgn0013704	135	200.744104867542	496.75
FBgn0263241	402	2406.97648649551	1667.25
FBgn0263248	155	205.754895879882	546.5
FBgn0263106	88	463.630005953897	578
FBgn0263219	386	3839.74025031542	1755.75
FBgn0263324	559	1588.04738724041	1772.75
FBgn0263387	407	67.7250404955764	909.25
FBgn0261602	32	11.9750709116313	54.5
FBgn0263406	103	75.4046741720485	287
FBgn0263446	117	178.871478541984	434.75
FBgn0263492	247	527.832046334428	978.25
FBgn0263443	182	362.208595923521	747.5
FBgn0263740	250	1127.33325995051	1182.5
FBgn0263830	254	1382.06872134446	1249.25
FBgn0263583	234	1973.72856279556	1300.5
FBgn0263033	250	203.289535027358	755.25
FBgn0263647	539	329.696259789912	1342.25
FBgn0263493	52	82.4119338563134	182.5
FBgn0263911	150	232.899170724971	560.5
FBgn0264297	259	1208.29346240778	1230
FBgn0264298	259	1208.29346240778	1230
FBgn0263442	272	2661.39115724724	1461.5
FBgn0263982	380	64.4107214798944	853.75
FBgn0263776	318	1270.85465240277	1364.75
FBgn0013548	130	1478.01780518613	992.5
FBgn0264309	306	853.011656392927	1229.25
FBgn0264432	162	434.602208502548	748.75
FBgn0263345	66	271.890329608676	401.75
FBgn0263973	403	5761.6231274854	1845.75
FBgn0264544	317	3659.40530639954	1629.5
FBgn0264299	259	1208.29346240778	1230
FBgn0264561	232	778.787667650702	1047.75
FBgn0264517	369	1933.98415086898	1552
FBgn0264506	178	1380.70519843147	1086.5
FBgn0264562	255	931.749962404184	1147.5
FBgn0263494	164	1113.16519247251	994.25
FBgn0264364	470	216.019056736577	1157.25
FBgn0264545	317	3659.40530639954	1629.5
FBgn0264789	274	1111.78904326299	1233.25
FBgn0264906	156	477.542919040769	753.75
FBgn0265052	138	162.97214131428	470.25
FBgn0264993	430	2085.61124458207	1676.25
FBgn0265263	382	68.4920201975105	863.75
FBgn0265003	110	1411.94669678074	928.5
FBgn0265265	624	552.516098414728	1548
FBgn0264510	256	2264.4236691479	1385.75
FBgn0265269	554	399.641594355497	1409.25
FBgn0265295	143	445.021492032634	703
FBgn0264674	299	1786.52566726058	1407.5
FBgn0265140	230	1766.0533591333	1258.75
FBgn0264600	380	1518.11150211118	1513.5
FBgn0265508	380	4327.04087550771	1768.5
FBgn0265271	595	804.041084933785	1624.75
FBgn0265512	350	3498.0543979856	1670.25
FBgn0265648	508	8929.54177196651	2032.5
FBgn0265342	153	462.136491781905	734.75
FBgn0264711	210	1182.96294015301	1120.75
FBgn0264862	111	343.983061672082	562.5
FBgn0265702	131	447.396623412698	681
FBgn0265810	122	898.282301704421	838.5
FBgn0265902	142	207.08014887434	518.25
FBgn0265649	485	8871.73984184665	2003.25
FBgn0265963	243	3917.31300544541	1482.25
FBgn0265988	124	1519.79835287033	987
FBgn0264916	140	1091.0196759981	926.5
FBgn0266053	158	396.22829782808	714.75
FBgn0265177	169	362.891231170891	719.25
FBgn0265070	44	46.0731633977079	116
FBgn0265915	288	824.218788875278	1181.75
FBgn0264572	133	184.888380208138	478.25
FBgn0266083	165	1850.76946348687	1132
FBgn0266021	484	10125.596724529	2005.75
FBgn0266284	107	820.280601853636	775.5
FBgn0266438	403	4004.41723911515	1793
FBgn0266417	164	699.330358177575	873.75
FBgn0266439	403	4004.41723911515	1793
FBgn0266437	49	38.8964303948804	113.75
FBgn0266382	189	318.575690610072	730.25
FBgn0266144	158	295.59795912378	639.75
FBgn0266540	363	2901.91896339283	1646.5
FBgn0266624	246	1335.38074338922	1222.5
FBgn0266627	275	2988.32053331032	1496.5
FBgn0265901	152	1308.94935289835	1008
FBgn0266195	324	2286.92064028621	1524.75
FBgn0266377	28	41.1811550637587	85.5
FBgn0266628	217	617.907931402068	964.25
FBgn0266638	275	943.678084113305	1193
FBgn0265428	51	94.9832678608059	196.25
FBgn0266694	254	1049.38524020495	1169.75
FBgn0266696	116	143.867123955711	397.5
FBgn0266740	274	2032.51430924672	1397.75
FBgn0266741	108	578.235694125505	690.25
FBgn0266729	220	1639.74511423087	1226.25
FBgn0266691	280	1700.38910564835	1358.75
FBgn0266577	243	1455.69371173873	1234.75
FBgn0266757	129	265.43858250545	543
FBgn0266917	396	3706.23159620661	1765.25
FBgn0266486	52	94.4692349899091	196.25
FBgn0266656	184	1096.25955570414	1035.75
FBgn0266933	122	453.058491056084	661.5
FBgn0266672	30	76.6430610929148	142.75
FBgn0265266	59	563.531927142951	575.25
FBgn0267042	231	1792.02939085389	1267
FBgn0267043	349	4680.24318452026	1722.5
FBgn0267044	397	7636.79860772006	1857.25
FBgn0266436	409	354.564701183797	1185.25
FBgn0266798	476	1844.08031128524	1712
FBgn0267045	415	7872.40851052266	1895
FBgn0267046	649	3698.46398191927	2053.25
FBgn0267047	627	4647.53919171513	2082.5
FBgn0267048	485	4804.37603486234	1952.25
FBgn0267049	365	1120.07407196652	1402
FBgn0266925	451	3038.21224074021	1806.25
FBgn0267112	91	462.613439625873	585.5
FBgn0267078	238	828.277429455211	1076.25
FBgn0266817	60	230.984425516426	350
FBgn0266859	137	113.844409489625	412.5
FBgn0267151	252	667.631212091632	1047.5
FBgn0267050	350	939.779470700225	1327.25
FBgn0267152	141	540.579031078806	750
FBgn0267383	274	72.7721531188289	670.25
FBgn0267411	344	125.906161467133	853.25
FBgn0267413	438	261.939421629014	1148.25
FBgn0267326	505	4680.80315479044	1975.25
FBgn0267366	252	289.937003991175	837
FBgn0267417	389	123.219196428862	934.75
FBgn0267418	566	1629.77954069156	1785.5
FBgn0267228	301	1839.12309466089	1419.25
FBgn0267419	272	25.3332609450034	599.25
FBgn0267432	294	801.907505701151	1186.25
FBgn0267490	470	521.713650254347	1370.5
FBgn0267253	182	582.818481187929	873.5
FBgn0267496	227	1499.98305025044	1214.25
FBgn0267499	173	705.916279181486	895.75
FBgn0267500	210	1111.32094382598	1097.75
FBgn0267502	184	735.011502033792	931.75
FBgn0267503	201	1102.17269049233	1074.75
FBgn0267512	203	679.221008809698	953.75
FBgn0267113	95	233.460360988431	432.25
FBgn0267157	208	1191.58209621497	1114.75
FBgn0262837	27	6.24775890591193	37
FBgn0267550	317	4597.02977090026	1670
FBgn0267164	64	156.565075470609	288.25
FBgn0267693	121	290.616699494169	548.5
FBgn0267492	439	248.100615967768	1135.75
FBgn0266866	216	2124.82041887277	1285.5
FBgn0267337	92	519.56522969384	616.75
FBgn0267433	249	203.032807336359	752.5
FBgn0267592	495	1106.35755832437	1607.25
FBgn0267721	306	78.0801081688118	741.75
FBgn0266972	177	1599.39097429942	1121.5
FBgn0267668	175	1910.74098561492	1158.5
FBgn0267495	321	1852.94113884303	1463.75
FBgn0267632	137	567.138675022175	756
FBgn0267705	93	480.886484361256	604.75
FBgn0267725	142	836.947532224604	862.75
FBgn0267776	246	1025.99560619306	1143.5
FBgn0267660	361	5097.48853684207	1755
FBgn0267812	287	2413.45583928801	1461.5
FBgn0267481	67	199.421147202786	338.75
FBgn0267736	183	2890.34353366364	1289
FBgn0267727	549	248.403528835099	1278.5
FBgn0067102	4	0	4
FBgn0267035	44	91.1277184717999	178.75
FBgn0283433	9	23.9180066470912	40.5
FBgn0267861	370	6566.0564811143	1802
FBgn0278598	209	425.531829173475	845.75
FBgn0267545	305	1962.42399198478	1446.25
FBgn0267985	192	989.734299797356	1020.5
FBgn0283476	368	3735.35741761847	1721
FBgn0267587	102	79.1203210003362	287.75
FBgn0270924	311	3760.89737687709	1623.75
FBgn0283499	91	321.17808386334	495.5
FBgn0267511	57	36.2277320675245	127
FBgn0013746	483	7239.91455790345	1991.5
FBgn0013756	208	623.131921209313	942.25
FBgn0267777	97	239.786828041523	443.75
FBgn0270925	440	81.4683720122311	969.5
FBgn0014007	222	429.532256977934	877.75
FBgn0014163	168	191.773838043753	566.25
FBgn0267471	79	70.5818545955278	225.25
FBgn0014018	103	635.978327175135	699.5
FBgn0266201	60	429.003769054064	504
FBgn0283500	324	2483.94375330095	1545.5
FBgn0014011	53	40.6481623065045	126.25
FBgn0013770	224	1700.21284177972	1240
FBgn0014189	200	617.129945424055	923.5
FBgn0014179	596	2762.98528303089	1953.5
FBgn0014391	99	85.1989922582614	290.25
FBgn0014417	74	293.496494822694	440.25
FBgn0014859	43	427.913982536914	471
FBgn0015221	138	1557.45788793907	1024.25
FBgn0014903	293	1064.81528515234	1253.5
FBgn0014454	362	2469.80483053304	1604
FBgn0015240	365	2494.71701414782	1614.5
FBgn0015222	168	1044.97881152423	983.75
FBgn0014455	181	232.927062145995	637.5
FBgn0015568	362	2180.7548260058	1576
FBgn0267242	21	4.55842689317538	26.5
FBgn0015008	384	2311.4472330388	1629
FBgn0015582	127	754.045305717071	797.75
FBgn0015795	193	953.786958329895	1015
FBgn0015799	407	5150.43812253323	1846
FBgn0015766	171	599.608912508163	853.5
FBgn0015805	323	2987.4206098454	1589.75
FBgn0014342	66	103.024752199907	238.25
FBgn0016038	271	2606.86499733142	1453.25
FBgn0015929	205	1243.16800196222	1122.25
FBgn0015737	261	1965.95617208351	1359.25
FBgn0015663	327	1658.37943853863	1444.5
FBgn0016123	167	456.164640183203	770.5
FBgn0016078	263	1107.12097963116	1209.75
FBgn0016081	190	462.91725641802	823.25
FBgn0015288	38	11.4020629908095	62
FBgn0015770	455	611.869282233876	1393
FBgn0016687	208	989.824079365095	1058.25
FBgn0017581	85	192.385027221347	363
FBgn0019830	188	231.699167593459	649
FBgn0267676	21	9.26984760268044	33.5
FBgn0017572	400	4806.40590114562	1819.5
FBgn0015031	100	33.252646560904	219.5
FBgn0019828	380	49.7123156753984	831.5
FBgn0019940	124	165.851950034193	442
FBgn0015925	144	446.011263742948	707
FBgn0016930	224	983.337204430375	1094
FBgn0020378	71	181.151995747245	329.25
FBgn0267733	21	25.6240236586748	57.5
FBgn0020272	291	2928.55926125032	1521.5
FBgn0015949	468	7076.3114028999	1963.25
FBgn0016131	238	963.761602058635	1114.25
FBgn0020388	255	4716.81097581475	1549
FBgn0020392	259	1541.34897776753	1291.5
FBgn0020643	14	11.4646830643704	28
FBgn0020644	14	11.4646830643704	28
FBgn0267794	181	1560.14334873039	1126
FBgn0020386	157	333.336603997243	665.75
FBgn0283434	49	1584.16501460841	823.25
FBgn0020370	144	179.52959569328	494.5
FBgn0021796	96	264.808395041678	462
FBgn0019686	89	134.066582987842	308.25
FBgn0020372	193	362.066479956756	766.5
FBgn0020618	71	39.6410802483769	161.75
FBgn0020407	415	5265.65717625455	1860.5
FBgn0021895	397	2908.41237426566	1705.75
FBgn0022153	129	335.045121017857	601.5
FBgn0022702	509	4040.97680593779	1953
FBgn0021760	367	4291.38299497086	1744
FBgn0022355	194	321.28497696317	742.5
FBgn0022770	195	1147.44630444726	1076.5
FBgn0022935	254	2671.35223162515	1421.75
FBgn0022985	193	1045.30131109053	1036
FBgn0015905	98	551.678562343913	655.25
FBgn0022959	457	4022.98787115779	1876.5
FBgn0023094	242	1552.08583020013	1248.75
FBgn0023129	186	1415.04940621403	1110
FBgn0021814	131	1220.90928944502	949
FBgn0020765	123	524.318441843695	701
FBgn0015032	52	314.600806465321	412.5
FBgn0267809	25	47.8578845220498	90
FBgn0023169	234	2501.58037229218	1362
FBgn0024315	338	4161.03340961846	1685.5
FBgn0023001	206	2184.27160295358	1272.75
FBgn0024889	476	5628.21136509131	1955
FBgn0023130	131	1410.86439819323	981.5
FBgn0083055	1	0	1.25
FBgn0024332	156	791.779013208882	879.75
FBgn0024998	286	3013.86221971736	1517.25
FBgn0024510	29	42.205357203355	90
FBgn0023172	244	700.296299583076	1043.25
FBgn0023511	155	797.019759840607	878.5
FBgn0024989	213	2396.7886440033	1306.25
FBgn0020371	481	263.8826717224	1213.75
FBgn0024897	86	56.9910641086092	218.25
FBgn0025355	363	2901.91896339283	1646.5
FBgn0025111	156	313.927373440958	648.25
FBgn0025390	161	278.884956383208	634.25
FBgn0025335	182	561.464195585122	862.5
FBgn0025454	282	798.497759580939	1162
FBgn0020908	89	1129.2468659465	814.25
FBgn0024977	221	1080.76104116495	1109.25
FBgn0017456	211	290.318953118444	758
FBgn0025378	425	264.785022645109	1133.5
FBgn0025571	480	3515.38020153927	1882.5
FBgn0025625	373	2926.57551063679	1670.25
FBgn0022029	151	256.683542631469	582.75
FBgn0025682	117	342.669500147347	582.25
FBgn0025697	193	272.430377627569	696.5
FBgn0025674	237	1773.02330003991	1275
FBgn0025573	286	3167.57288463065	1533.25
FBgn0025739	413	3440.16618331771	1782
FBgn0025809	166	3147.52934304595	1276.25
FBgn0025835	101	195.941465543301	411.25
FBgn0025185	83	2350.75520454597	995.5
FBgn0025725	209	538.099431620451	907.25
FBgn0025616	449	270.128041515992	1173.5
FBgn0026136	539	492.170299898469	1443.75
FBgn0025720	251	1124.21196780288	1183.5
FBgn0025874	174	2256.86236563167	1202.25
FBgn0026077	364	4089.53853118224	1729
FBgn0026079	226	1158.87487833002	1147.75
FBgn0026143	315	1978.07734013258	1469.5
FBgn0026192	457	3692.2067573688	1861.5
FBgn0026263	91	287.938210513101	467.5
FBgn0026404	540	5097.58275029041	2022
FBgn0026141	470	220.449251849933	1159.5
FBgn0026428	371	3387.41564091528	1702.5
FBgn0026741	143	144.977568278066	457.5
FBgn0262532	8	0.453967431584627	7
FBgn0026620	263	1464.16486702503	1287.25
FBgn0026597	406	6278.889546463	1861.5
FBgn0025336	37	131.044482928246	209.25
FBgn0015574	149	921.962750428482	907
FBgn0023541	72	460.051023189876	548.25
FBgn0027088	417	2295.61226897887	1686.25
FBgn0027090	225	1099.83085775232	1126
FBgn0027490	172	2152.92568756022	1192
FBgn0027074	168	994.620642626844	972.25
FBgn0027495	363	2017.83694658676	1557.75
FBgn0027552	361	2498.35741294476	1605
FBgn0026753	113	178.804394549515	418.5
FBgn0027084	178	551.171908952872	844.5
FBgn0027600	500	5294.03664547833	1985.5
FBgn0027570	70	89.8192190131835	231
FBgn0027587	244	1446.73622329842	1233.75
FBgn0027608	305	1290.96380502133	1339.75
FBgn0025821	301	3379.77850802801	1575.25
FBgn0026563	413	2154.03332369722	1668
FBgn0027376	403	1454.32969462367	1541.25
FBgn0027844	490	4649.78868911396	1952.25
FBgn0020399	119	857.681746680771	818.75
FBgn0027791	103	628.975911751632	699
FBgn0027932	295	5798.86264739879	1655
FBgn0027607	128	291.054336632959	565.5
FBgn0028379	397	545.053550806769	1269.25
FBgn0028513	469	133.426956590882	1066
FBgn0028540	187	1079.4672739217	1032.5
FBgn0028527	199	1587.89870415905	1166.25
FBgn0028530	434	3103.27960918865	1786.25
FBgn0028531	590	420.583161306486	1453
FBgn0028560	232	60.2638542143324	564.25
FBgn0027601	83	37.2744111762931	180.5
FBgn0028541	306	2343.97041303852	1495.75
FBgn0028406	278	926.406439433995	1196.75
FBgn0028544	341	3190.59562132761	1636
FBgn0028577	196	593.884220935002	904.75
FBgn0028567	502	247.342516202941	1230.5
FBgn0028838	523	406.77196761426	1380
FBgn0028669	320	3170.78035071318	1605.5
FBgn0028847	419	83.7892433771082	944.75
FBgn0028857	570	2720.95101935586	1925.5
FBgn0028561	175	793.408036427326	927.5
FBgn0028868	514	1043.69321175491	1606.5
FBgn0028658	410	2744.6849322123	1726
FBgn0028880	702	4732.10728685809	2108.5
FBgn0028892	447	474.395541774531	1315.25
FBgn0028893	380	116.501276110873	915
FBgn0028901	461	317.358677098906	1234.75
FBgn0028902	472	185.689934436473	1133.5
FBgn0028903	591	833.563774756719	1631
FBgn0028886	282	2452.13026541902	1458
FBgn0028935	375	309.898073453345	1093.5
FBgn0028938	364	4864.43218709264	1758.5
FBgn0027348	79	96.6828640743384	257.25
FBgn0027794	112	474.34073521298	647
FBgn0028572	261	3657.6212529152	1516.75
FBgn0028913	325	1170.78927012577	1353.25
FBgn0028991	400	3923.68095889261	1783.5
FBgn0028997	217	1543.83765924693	1202.25
FBgn0029153	533	297.151832120591	1311
FBgn0028490	39	27.7626469605324	88.5
FBgn0028983	128	73.7315076246429	346.5
FBgn0028941	413	1820.56156560867	1618
FBgn0029154	533	297.151832120591	1311
FBgn0029084	441	2885.0352150145	1773.5
FBgn0029095	365	2133.09971745725	1575
FBgn0029501	389	398.417996880475	1180.25
FBgn0029539	253	83.7612509353298	631.75
FBgn0029552	543	9272.80044877186	2069.25
FBgn0029659	498	161.328161711834	1149.5
FBgn0029113	296	1330.56968504652	1327.75
FBgn0029672	191	901.822191175469	998.75
FBgn0029661	580	13884.2185913771	2113.5
FBgn0029700	562	896.286646811335	1619.25
FBgn0029702	486	155.35172437734	1124.5
FBgn0029703	568	4590.53727155059	2034.5
FBgn0029717	429	9531.99995873658	1917.75
FBgn0029105	92	380.412638940669	541.75
FBgn0029133	191	1494.97557372627	1133.25
FBgn0029662	356	3339.15157398626	1667.25
FBgn0029730	538	1750.59295378299	1773
FBgn0029745	400	4160.67708188001	1794.5
FBgn0029750	474	460.002305798982	1346
FBgn0029736	233	2943.74056859546	1400.5
FBgn0029752	460	338.981814267724	1246.25
FBgn0029812	471	768.359875521819	1473.75
FBgn0029715	215	518.894946728458	908.5
FBgn0025743	67	314.542396048395	443.25
FBgn0029002	162	382.621983289372	716.25
FBgn0029820	306	3226.63250595436	1578.75
FBgn0029816	327	386.740613938424	1068.5
FBgn0029836	217	787.338735652023	1020.75
FBgn0029838	254	907.868108754346	1135.25
FBgn0029839	329	2493.16726905973	1556
FBgn0270926	3	0.807690077316673	5.25
FBgn0028969	229	1047.22539524845	1114.75
FBgn0029688	204	921.777563003775	1035.75
FBgn0029798	115	540.743483405403	692.25
FBgn0029874	208	1149.98029757672	1105.75
FBgn0029725	171	197.777282195469	580.5
FBgn0029946	490	273.315893707681	1240.75
FBgn0029859	183	532.347411112072	847.5
FBgn0029947	388	48.042777677193	841
FBgn0029949	397	177.813151438034	1001.75
FBgn0029861	143	535.406894556103	751
FBgn0029952	217	178.853206966952	663.25
FBgn0029176	81	52.108194437445	202.25
FBgn0029989	433	8787.26387013804	1920.75
FBgn0029831	54	347.850601134142	440.75
FBgn0029951	474	299.325218603877	1240
FBgn0029963	214	23.9209895249926	473.5
FBgn0030015	242	177.359207085304	705.25
FBgn0029870	104	221.27507925618	440.5
FBgn0029912	426	3270.61306878224	1787.25
FBgn0030013	36	146.096676672683	230.25
FBgn0029992	254	2419.78070223057	1393.25
FBgn0030007	452	6820.41801776464	1938.25
FBgn0030109	488	7232.47750454177	1999
FBgn0030114	590	6424.92331693665	2095.5
FBgn0029837	109	51.172291402798	266.25
FBgn0030001	65	15.763566383929	114.75
FBgn0030027	44	14.3891766756684	73.25
FBgn0030151	220	470.719112792196	897.75
FBgn0030033	529	288.642951172386	1298.5
FBgn0030093	274	1967.98794208023	1385.75
FBgn0030096	254	1952.9857077547	1336.75
FBgn0030141	274	1332.12314402285	1284.75
FBgn0030174	103	126.317296165508	339.5
FBgn0030191	304	137.841702594816	801
FBgn0030224	398	289.192948127973	1110.75
FBgn0030247	483	330.738477898128	1278.5
FBgn0030277	550	255.060049449575	1287.25
FBgn0030278	629	1095.31853571498	1725.75
FBgn0029976	111	1062.03340478547	847.5
FBgn0030240	563	6832.26269488542	2075
FBgn0030292	56	21.0102860531391	104.5
FBgn0030283	282	231.595374300752	851
FBgn0030316	148	1085.27024452725	942
FBgn0030280	339	59.5011775431911	772.25
FBgn0030319	277	94.7607135044835	703.5
FBgn0030293	269	2673.48737157905	1456.75
FBgn0029905	37	1619.08511007343	814.75
FBgn0030356	513	625.528436066575	1478.5
FBgn0030342	231	724.946335911406	1027
FBgn0030506	224	763.890238730857	1022.5
FBgn0030087	94	225.682781914964	420.5
FBgn0030350	139	449.989291612325	699.25
FBgn0030554	459	3646.76931493147	1859.75
FBgn0030398	403	7021.66484794204	1865.75
FBgn0030510	341	1748.1756377164	1476
FBgn0030215	270	584.893546944805	1063
FBgn0030376	593	581.217702790041	1543.75
FBgn0030462	271	224.420128079215	821.75
FBgn0030481	53	116.831277244273	225.75
FBgn0030365	137	1182.26539707122	951
FBgn0030384	96	27.2428097416014	203.5
FBgn0030578	587	765.921148755689	1602.75
FBgn0030555	259	2495.20663717817	1418.5
FBgn0030582	176	948.76088695009	978.5
FBgn0030352	79	225.491258186852	386.75
FBgn0030556	347	3539.89353303224	1666.75
FBgn0030628	482	5182.00140807507	1955.5
FBgn0030658	200	1155.83312395092	1089.5
FBgn0030659	290	2778.177445439	1507.25
FBgn0030624	522	445.301966388981	1399.75
FBgn0030317	130	274.016155417612	555.5
FBgn0030687	395	2352.66020981912	1649.25
FBgn0030562	135	1268.42779034245	964.25
FBgn0030671	328	3093.96133859201	1611.5
FBgn0030116	76	116.422227390637	272.25
FBgn0030357	194	1589.09868137258	1157.5
FBgn0030697	387	115.324910291835	925.25
FBgn0030770	605	3001.28722923017	1975.75
FBgn0030780	616	4696.30644970685	2077.5
FBgn0030653	54	161.221013533359	276.75
FBgn0030814	462	1106.87194447551	1555
FBgn0030720	162	755.874030468549	882.75
FBgn0030763	359	3392.56973366144	1677
FBgn0030823	439	3482.31084101423	1819.25
FBgn0030788	128	400.194039564217	648
FBgn0030829	309	6279.16342511012	1693
FBgn0030246	204	387.296515747427	815.75
FBgn0030830	448	5617.35610290481	1912.75
FBgn0030846	350	1452.46841944819	1444.75
FBgn0030858	269	913.341467788443	1171.25
FBgn0030773	116	484.21379774212	667
FBgn0030873	302	3059.19161407729	1557.5
FBgn0030826	297	1611.57272002447	1380.25
FBgn0030877	423	4211.16232368699	1837.25
FBgn0265182	19	26.9438020212247	55.5
FBgn0030795	73	271.552601082638	416.75
FBgn0030882	365	2034.53823531397	1565
FBgn0030878	629	10704.7310193514	2147.25
FBgn0030733	54	25.0307866381086	110.25
FBgn0030945	317	2738.68352946674	1560.25
FBgn0030933	535	391.158008986388	1384.5
FBgn0030915	122	693.031105209077	772.5
FBgn0030956	46	387.192110045246	454.25
FBgn0030932	197	567.32597348921	893.5
FBgn0030946	322	2154.51558811428	1509.75
FBgn0030960	303	1211.30514894196	1320
FBgn0030859	87	240.952103035451	414
FBgn0030966	417	2480.46781263342	1705.25
FBgn0030952	444	273.605573365509	1170
FBgn0028537	29	5.53756062445731	39.5
FBgn0030973	481	4946.09993000637	1947.25
FBgn0030894	153	850.572631700157	891.75
FBgn0031008	316	2027.09902481302	1479.5
FBgn0030955	137	1394.354598778	991
FBgn0030959	58	399.984373873464	486
FBgn0031047	237	1347.59150848363	1206.5
FBgn0031051	387	2741.35235107455	1681.25
FBgn0031077	296	1555.80338271144	1368.75
FBgn0031048	231	3206.85946193289	1419.5
FBgn0030975	494	239.560005779217	1215.5
FBgn0031085	418	713.158251231451	1379.5
FBgn0031001	150	969.669901390075	920
FBgn0031099	73	921.874524850406	730.75
FBgn0031130	294	1120.92593199782	1274.75
FBgn0031103	353	61.3423157284187	797.25
FBgn0031108	157	74.1127226805524	415.75
FBgn0030985	178	898.47472465595	970.5
FBgn0031006	93	228.65100273901	417.75
FBgn0031020	294	1085.55535172868	1261.75
FBgn0031093	115	144.472477097531	394.75
FBgn0031106	125	367.74767887437	617.5
FBgn0031235	108	202.715394822894	433.75
FBgn0031139	488	295.527126850111	1258.5
FBgn0031238	390	2979.53957430088	1704.25
FBgn0031164	142	546.800253185442	755.75
FBgn0031240	619	643.859323676917	1578.5
FBgn0031228	284	1601.16288604214	1351.25
FBgn0031279	150	2004.25616535737	1117
FBgn0031298	251	3021.56532831014	1443
FBgn0031295	710	4066.1264859918	2085
FBgn0031323	452	158.633111231878	1076.75
FBgn0031332	430	212.488243818483	1092.75
FBgn0031333	359	118.592834591552	875
FBgn0031335	486	281.378355038931	1246
FBgn0031134	158	69.8332207250431	411.75
FBgn0031343	376	100.963887479772	893.5
FBgn0031097	108	109.975566836097	337.75
FBgn0031304	328	1481.80280481865	1419
FBgn0031347	684	3113.92789885328	2024.5
FBgn0031299	223	1582.47857237251	1219.5
FBgn0031377	420	5902.89570725215	1880
FBgn0031372	669	2661.29328533505	1979.75
FBgn0031407	493	299.29206794766	1269
FBgn0031390	386	3000.81182770681	1698.25
FBgn0030990	113	147.362480434671	391
FBgn0031267	153	826.561823703097	885.75
FBgn0031410	504	472.654067643082	1397.75
FBgn0030589	21	12.0188106893023	38
FBgn0031042	114	184.385697264166	431.75
FBgn0031443	621	3415.26087414784	2017.25
FBgn0031435	223	1660.30870954101	1233.5
FBgn0031462	287	1266.31813475237	1298
FBgn0031360	231	661.277693122003	1002
FBgn0031440	61	229.965439444385	350.5
FBgn0031489	210	336.901685922602	790.25
FBgn0031426	245	880.646357297943	1102.25
FBgn0031450	187	645.501552027455	901.5
FBgn0031464	69	233.980509330002	374.75
FBgn0031301	70	446.997947150965	537.5
FBgn0031476	471	1246.52840172738	1608.75
FBgn0031493	339	4989.29948345947	1718.25
FBgn0031501	307	243.104548192987	913
FBgn0031208	187	799.752600270303	959
FBgn0031491	311	1724.92900472533	1424.75
FBgn0031526	637	2215.84589754431	1922.75
FBgn0031545	406	67.6460801326418	904
FBgn0031546	533	4040.04317212734	1977.25
FBgn0031574	490	276.653399568929	1243.75
FBgn0031302	114	240.497891478365	483.75
FBgn0031542	463	3584.77831131623	1862
FBgn0031604	415	2183.63028842998	1674.5
FBgn0031585	469	224.830908322482	1161
FBgn0031548	410	4247.03517106996	1822.5
FBgn0031620	358	81.736553377726	831.5
FBgn0030263	12	4.24723650969662	15.75
FBgn0031490	202	429.693572074544	835
FBgn0031611	466	3347.59390547065	1848.25
FBgn0031649	230	819.770548198772	1056.75
FBgn0031098	85	524.656010784657	605
FBgn0031571	115	915.359931712276	827.75
FBgn0031626	527	417.645637747184	1387.75
FBgn0031720	483	1553.73021733663	1681.5
FBgn0031722	664	6860.15852041536	2143.25
FBgn0031723	399	87.0456385200445	912.5
FBgn0031684	85	69.3708786997476	232.5
FBgn0031724	460	342.078798097438	1249.75
FBgn0031703	201	2552.03450908273	1297.25
FBgn0031728	505	268.355058334394	1255.25
FBgn0031756	90	201.931633789965	385.75
FBgn0031757	575	6380.90772544633	2081.25
FBgn0031751	432	248.389609214241	1125
FBgn0031758	272	2661.39115724724	1461.5
FBgn0031785	389	120.299900416194	933.75
FBgn0031786	637	2433.51208191199	1943.25
FBgn0010222	10	3.34866653433557	13.25
FBgn0030872	9	0.116560555481612	7.5
FBgn0031176	2	235.25558218176	275.25
FBgn0031496	150	258.465523976714	582.5
FBgn0031637	29	37.096868952498	81
FBgn0031682	76	181.474826565387	340.75
FBgn0031690	64	66.9823117432358	186.75
FBgn0031692	390	2688.71134013182	1680.75
FBgn0031725	274	1500.00819796742	1315.75
FBgn0031737	70	666.730744499645	638.5
FBgn0031831	550	433.751197873554	1423.75
