gene	degree	betweenness	rank
FBgn0000032	874	245.98227242701	755.5
FBgn0000063	1326	1713.79321115241	1637.75
FBgn0000003	224	28.3205158407593	52
FBgn0000075	641	344.273508067435	648
FBgn0000092	865	581.943115111143	1032.25
FBgn0000084	882	445.980582392604	958.5
FBgn0000097	718	202.600261661086	566.5
FBgn0000115	726	254.731042383161	635.5
FBgn0000120	918	588.59292955634	1093.75
FBgn0000147	874	531.883593973584	1007
FBgn0000163	1242	1406.75923206631	1592.25
FBgn0000276	111	26.6758144784552	35.75
FBgn0000277	111	26.2040939837739	34.75
FBgn0000278	127	47.2728090516641	66
FBgn0000299	339	39.0459912608923	101
FBgn0000318	935	406.807464486826	981.5
FBgn0000233	616	304.736710175109	587.25
FBgn0000317	519	126.506892003287	319.5
FBgn0000319	1140	769.944599748114	1388
FBgn0000351	848	339.251688538911	822.75
FBgn0000416	423	61.2850490575273	172
FBgn0000426	941	685.056356442716	1168.25
FBgn0000449	774	228.201008093791	644
FBgn0000504	1003	619.525723406395	1193.5
FBgn0000535	727	349.085453345593	731.75
FBgn0000357	266	26.7828269329905	60.25
FBgn0000536	918	486.299550853847	1020.75
FBgn0000568	634	87.8715887737563	346.25
FBgn0000542	688	235.891370699733	577.5
FBgn0000581	762	386.96554658695	799.5
FBgn0000358	79	17.5598414970121	21
FBgn0000047	69	1.94283650865265	10.75
FBgn0000711	1019	616.238194218212	1200.75
FBgn0001086	162	44.4530641514742	65.5
FBgn0000592	348	39.0826946370133	104.75
FBgn0000618	531	122.407585214527	321.75
FBgn0001169	723	258.858698725547	637
FBgn0001197	912	300.02227178725	856.25
FBgn0001229	557	115.181869234406	327.75
FBgn0001233	380	105.509186484193	205
FBgn0001108	558	184.423983391093	417.5
FBgn0001234	239	53.4693980906552	93.5
FBgn0001235	1163	935.320992299641	1468.5
FBgn0001247	734	350.309777028737	739.25
FBgn0001281	1171	858.137629697354	1451.75
FBgn0001324	891	597.380648260695	1065.25
FBgn0001301	777	362.513677052855	782.25
FBgn0001624	1092	820.511708721899	1366
FBgn0001114	357	55.496591950304	132.75
FBgn0001986	907	437.446654752341	979.25
FBgn0002121	839	295.886562881445	771.25
FBgn0002183	757	281.500715683066	690.5
FBgn0002354	1219	883.991058717252	1492.75
FBgn0002283	953	714.921618268009	1191.75
FBgn0001970	234	26.4539203992061	52
FBgn0002431	1128	659.850414654758	1319.5
FBgn0002579	876	291.68227400005	804.75
FBgn0002645	960	399.177442418739	1001
FBgn0002526	327	33.2649640655244	86.25
FBgn0002868	1151	813.870695422638	1415.5
FBgn0002905	711	330.535436672207	695.75
FBgn0002924	636	287.95819996266	591.5
FBgn0002931	385	87.6392939325422	184.5
FBgn0002936	701	251.606031857325	610.5
FBgn0002948	1250	1270.22331038926	1587
FBgn0003016	1082	591.038845592068	1245.25
FBgn0002938	488	111.031702463058	278.5
FBgn0003046	634	208.007270910932	502.25
FBgn0003053	853	287.122752144979	778.5
FBgn0031874	1132	805.869526607039	1395.25
FBgn0031886	1287	1267.54253830477	1607.5
FBgn0031897	650	233.317767461993	543
FBgn0031894	678	278.460779594074	612.75
FBgn0031909	1202	858.125058975521	1474.25
FBgn0031972	1278	1143.43944834053	1587.75
FBgn0031977	1177	916.234242902955	1476.25
FBgn0031979	1233	906.149699125296	1508.5
FBgn0031879	413	62.5672250842534	170
FBgn0031948	436	110.966725588842	242
FBgn0031986	665	273.045104079304	596.5
FBgn0031980	740	298.47364950833	694.5
FBgn0031992	999	410.332121685278	1045.75
FBgn0031990	1037	821.444796639639	1317
FBgn0032002	643	203.780503151671	499.5
FBgn0032014	1209	808.760357649585	1457.5
FBgn0032010	476	125.331938184557	286.5
FBgn0032034	964	466.068083164487	1053.5
FBgn0032057	927	364.251353340357	932.5
FBgn0032008	403	48.7607006982266	146
FBgn0032050	415	52.1487598917829	157.75
FBgn0032104	296	32.5162257818899	73.5
FBgn0032086	795	294.851212441941	729
FBgn0032136	974	664.037694155029	1182
FBgn0032200	1128	601.187007941854	1289
FBgn0032208	1098	583.512769930109	1253.25
FBgn0032240	726	294.810639284398	673.25
FBgn0032236	581	86.6137671504589	305.25
FBgn0032251	912	399.466349655423	955.75
FBgn0032286	166	50.1794284198923	76.75
FBgn0032340	693	284.723213647755	634.5
FBgn0032341	1106	663.571771670888	1301.75
FBgn0032362	716	211.108994168342	579.75
FBgn0032395	822	258.069478655209	718.75
FBgn0032293	774	364.420173905282	784
FBgn0032414	457	96.3209488022779	239.75
FBgn0000279	86	11.7906244222538	19.5
FBgn0032430	555	128.316279447881	343.5
FBgn0032478	814	421.862733177675	869.75
FBgn0032422	676	139.542563374689	448.5
FBgn0032429	875	310.278611940607	824.5
FBgn0032482	1024	778.999464784849	1289.25
FBgn0032483	1277	1139.21284869829	1586
FBgn0032485	990	798.23911296681	1263.5
FBgn0032516	1014	492.414276655704	1113.5
FBgn0032505	668	363.297510129823	689.25
FBgn0032595	589	110.000275676164	343.75
FBgn0032598	476	204.357607692164	385
FBgn0032602	1129	977.720406571867	1452.25
FBgn0032634	1135	939.692708261281	1447.25
FBgn0032666	531	222.65407228252	449.25
FBgn0032679	1069	577.940159610698	1226.75
FBgn0032683	680	331.060648090931	664.5
FBgn0032725	897	276.80133131335	812
FBgn0032728	557	314.436881319356	558.75
FBgn0032730	1223	1085.695247278	1547.25
FBgn0032731	807	422.126658182185	862.25
FBgn0032732	936	387.915236378089	968
FBgn0032733	1146	757.577732836967	1384.25
FBgn0032741	623	108.00498910293	362
FBgn0032789	1131	855.697806149917	1415.75
FBgn0032805	927	435.075450339565	996.5
FBgn0032810	1250	1323.49138849435	1592
FBgn0032873	933	478.223727104155	1030.75
FBgn0032897	649	115.242221089961	394
FBgn0032900	965	734.213345863106	1210.5
FBgn0032847	837	370.264934188446	848.25
FBgn0032921	981	475.793605393458	1073.25
FBgn0033052	740	195.041519929283	581.5
FBgn0033075	1111	687.244741525185	1322.75
FBgn0032961	240	46.2173740976211	82.75
FBgn0033104	560	82.0640086432454	285.5
FBgn0033133	1026	596.955547020611	1196.75
FBgn0033081	875	532.671194004738	1010
FBgn0033169	753	239.381677952669	644.5
FBgn0033159	935	502.244906229948	1049.5
FBgn0033184	872	337.20704731437	845.5
FBgn0033190	1116	658.997619935813	1307.5
FBgn0033199	1120	550.767482212666	1254.25
FBgn0033240	1036	557.385120853247	1181
FBgn0033246	593	186.946297532616	446.5
FBgn0033340	1287	1313.31275750351	1612
FBgn0033341	1325	1261.77752837932	1617.25
FBgn0033342	773	579.044728311963	944.25
FBgn0033352	1260	1208.0357527277	1584.5
FBgn0033271	211	36.4590913956421	63.5
FBgn0033357	1275	954.511272997229	1548.5
FBgn0033376	606	129.839612416883	380.25
FBgn0033375	532	113.599264590712	312.5
FBgn0033378	1017	446.531089267253	1089
FBgn0033429	1334	1226.3211204294	1618
FBgn0033440	525	136.479993711187	337.75
FBgn0033442	796	349.903273026585	785.5
FBgn0033460	974	566.165961939081	1131
FBgn0033480	905	315.906981649331	858.75
FBgn0033451	628	343.826221512522	634.5
FBgn0033481	1281	1338.21551643844	1609.5
FBgn0033501	921	381.847971006759	949.25
FBgn0033502	956	917.501327393264	1278.5
FBgn0033547	907	321.550887184058	867.75
FBgn0033548	998	414.857122805218	1046.75
FBgn0033549	1156	678.282282401714	1354.5
FBgn0033540	651	138.903413265592	428
FBgn0033554	701	239.226422148483	598.5
FBgn0033605	996	499.921131791086	1103.5
FBgn0033584	564	110.013894149499	326.5
FBgn0033608	949	354.605998590372	944.75
FBgn0033367	243	18.0573580946609	44.5
FBgn0033557	655	206.44220164338	513.5
FBgn0033638	1310	1154.72282628501	1602.75
FBgn0033661	703	226.487649114687	585.25
FBgn0033687	1150	828.126829669004	1422.5
FBgn0033690	1278	1023.32778058308	1563.25
FBgn0033691	1156	699.877627248668	1368.5
FBgn0033698	997	515.740800549033	1118
FBgn0033736	1200	795.439878551961	1444
FBgn0033693	634	210.358740653392	505.5
FBgn0033739	690	219.663988111544	562
FBgn0033644	372	55.4212845929211	139.75
FBgn0033708	573	92.3562425153163	311.5
FBgn0033798	459	136.094306077267	294.75
FBgn0033817	1045	646.821361174853	1241
FBgn0033891	988	503.516957353197	1101
FBgn0033836	442	280.710351428138	449.75
FBgn0033907	1160	714.811588321383	1376.5
FBgn0033921	452	92.8543677116264	232.5
FBgn0033915	649	377.850104170789	689.5
FBgn0033936	1043	501.334833781876	1148.25
FBgn0033942	792	384.283804275462	820
FBgn0033853	440	84.5422696112637	207.5
FBgn0033979	570	107.568889012504	326.75
FBgn0033980	525	164.326690035018	369.25
FBgn0033984	899	694.339353517735	1127.25
FBgn0034000	1284	1077.85379725861	1578.75
FBgn0033961	490	81.8500580211773	236.5
FBgn0034010	1066	708.147072691171	1292
FBgn0034033	1041	617.376412255772	1221
FBgn0034050	1154	742.733138921676	1384.25
FBgn0033834	40	10.3488535081045	11.5
FBgn0034060	603	215.466500620457	488.25
FBgn0034059	1183	781.608007791104	1429.25
FBgn0034087	1185	1022.04939256251	1506
FBgn0034103	662	215.935421826952	535
FBgn0034141	697	313.636275423426	666.75
FBgn0034070	685	614.109253687968	886.25
FBgn0034199	835	327.47602795031	798
FBgn0034231	755	207.403735950017	607.25
FBgn0034145	903	570.107056414888	1063
FBgn0034242	1047	474.493813668006	1135
FBgn0034245	1192	779.401135421681	1434.5
FBgn0034246	889	491.94135866603	990.25
FBgn0034253	349	74.2897150171868	148.25
FBgn0034248	789	198.787411383933	621
FBgn0034290	984	586.531205669576	1153.75
FBgn0034301	1242	873.432943402185	1505.75
FBgn0034330	467	103.261152641755	255.25
FBgn0034314	703	223.396648832148	583.25
FBgn0034335	164	40.4254437568892	61
FBgn0034350	660	126.581110695621	417.5
FBgn0034360	1071	841.607896792873	1357
FBgn0034399	920	402.29547730783	965.5
FBgn0034394	663	202.588884331905	514
FBgn0034400	857	379.691619450891	875.5
FBgn0034440	800	306.75491338248	747.75
FBgn0034443	551	135.886687908465	351.5
FBgn0034454	364	90.2272259905706	180
FBgn0034442	1235	892.611240160833	1506.25
FBgn0034474	630	168.89884570531	443.75
FBgn0034470	538	73.5654221093645	259.75
FBgn0034475	746	237.121250779648	638.25
FBgn0034487	893	489.049936229363	993.5
FBgn0034451	692	350.507351165979	696.5
FBgn0034491	1168	664.861310588947	1356.25
FBgn0034517	902	364.780627429901	908
FBgn0034503	1124	974.611514274277	1447
FBgn0034534	628	148.313904585469	417
FBgn0034535	934	336.961061072276	911.25
FBgn0034565	705	195.623791821491	551
FBgn0034570	1230	853.212236494231	1491.5
FBgn0034578	726	204.398208166803	576
FBgn0034599	981	394.238097201767	1014.25
FBgn0034479	178	22.353694584737	36
FBgn0034605	830	229.014794943659	695
FBgn0034611	783	420.945381299067	843.5
FBgn0034614	1167	764.914234436935	1407
FBgn0034626	987	508.376530707368	1103.5
FBgn0034645	1046	539.105612206146	1181.25
FBgn0034646	1207	901.023013214282	1488
FBgn0033541	12	0.00598465861623756	1
FBgn0034687	870	365.354066335412	876
FBgn0034726	697	416.784590582117	765.25
FBgn0034741	290	171.205476508187	251
FBgn0034744	405	55.9677582160102	158.75
FBgn0034745	897	534.500814623727	1034
FBgn0034734	725	255.273728768314	634.25
FBgn0034733	391	50.5078019926058	142.5
FBgn0034750	1092	648.40062111497	1282.5
FBgn0034785	808	330.281747294975	773
FBgn0034786	982	706.188533923112	1214.75
FBgn0034792	1051	679.708726315658	1264.75
FBgn0034795	694	168.770625803268	498.75
FBgn0034797	1042	873.696338467687	1342.75
FBgn0034800	1374	1524.95763450751	1640.5
FBgn0034816	891	485.556237893033	987.25
FBgn0034849	885	308.808017197637	834
FBgn0034903	535	144.051009935565	350.75
FBgn0034924	1064	667.216749927113	1267.25
FBgn0034935	336	39.9058826187894	101
FBgn0034928	1269	1039.90030847177	1562.5
FBgn0034940	404	79.3779704950154	181.75
FBgn0034942	1143	1051.92311026982	1477.5
FBgn0034950	972	518.328831195224	1094
FBgn0034957	959	565.860420699282	1119.5
FBgn0034964	853	718.832196128569	1091
FBgn0034965	972	530.202003994486	1103.5
FBgn0034975	1116	593.640951274817	1275
FBgn0034985	538	132.870980766885	341.25
FBgn0034989	1082	960.685115730788	1409.25
FBgn0035001	900	265.379794037939	803.75
FBgn0034997	675	229.691652089612	560.25
FBgn0034990	371	41.9021404757427	119.75
FBgn0035031	1333	1185.444369762	1613.75
FBgn0035082	674	150.988288641443	456.25
FBgn0035076	460	81.9207010764866	219.25
FBgn0035088	784	183.543492840209	598
FBgn0035099	701	252.356064920925	611
FBgn0035138	1230	935.403559175833	1517.5
FBgn0035173	764	189.059917649658	590.25
FBgn0035205	938	346.504715613432	924.5
FBgn0035206	586	185.024357675161	439.75
FBgn0035229	1043	506.91489828295	1153.25
FBgn0035238	1132	627.56445470401	1311.75
FBgn0035251	550	190.655925448814	419.25
FBgn0035271	1247	943.848898634549	1530
FBgn0035243	355	44.7721797996912	116.75
FBgn0035293	782	531.24501799856	921
FBgn0035323	921	328.757054783202	889.25
FBgn0035331	583	180.931256531099	429.25
FBgn0035333	1122	889.730878804288	1417.25
FBgn0035335	1018	441.192880454267	1087.25
FBgn0035356	1218	931.356789279093	1505.5
FBgn0035355	907	549.665473705972	1057.25
FBgn0035409	1163	945.160538400093	1473
FBgn0035415	736	237.158466535329	629.5
FBgn0035424	698	176.742745047858	516.5
FBgn0035496	882	322.771097980262	841.5
FBgn0035469	805	214.32931742817	655.5
FBgn0035480	788	495.178758443973	897.5
FBgn0035521	873	386.724310974878	898.75
FBgn0035528	1199	806.874199858714	1449
FBgn0035581	494	154.173794861523	333.75
FBgn0035572	873	330.933911267061	838.75
FBgn0035590	865	381.572303805659	886.25
FBgn0035592	1225	859.490876034997	1493
FBgn0035589	844	514.548521341695	964
FBgn0035624	624	361.304833387016	652.25
FBgn0035625	1030	802.280799301842	1302.5
FBgn0035640	891	352.321145299741	878.25
FBgn0035675	1029	433.420817644121	1090.25
FBgn0035721	1123	617.254868576838	1295.75
FBgn0035679	585	365.650747611973	634.25
FBgn0035722	1108	528.649768997203	1226
FBgn0035727	293	52.5417655369663	102.5
FBgn0035741	500	147.207288307419	330.5
FBgn0035824	1156	738.008771712632	1385.5
FBgn0035829	881	366.068558684262	889
FBgn0035825	929	516.330419323983	1054.5
FBgn0035842	714	170.570186544895	521.75
FBgn0035866	844	361.058219800901	843
FBgn0035880	675	152.131474956271	457.75
FBgn0035906	1134	670.230865994595	1332.5
FBgn0035949	369	36.0688186759447	110.25
FBgn0035952	898	319.695272133848	855.25
FBgn0035953	662	524.098726075908	811
FBgn0035861	444	83.4903810565753	210
FBgn0035959	732	184.157852546158	559.5
FBgn0035965	1129	758.393317380216	1371.25
FBgn0035977	574	433.581230896158	684.5
FBgn0035996	897	675.870300250029	1112.5
FBgn0036004	958	436.579694104645	1031
FBgn0036005	551	244.895493963587	482
FBgn0036007	800	438.074639889442	872.25
FBgn0036015	201	27.0010985685386	47
FBgn0036018	1283	1006.56791197957	1562
FBgn0036056	498	130.701253908261	310.5
FBgn0036046	353	85.0736570391708	164.75
FBgn0036057	498	130.701253908261	310.5
FBgn0036099	1220	959.492563445665	1520.75
FBgn0036117	420	164.400641395279	301.5
FBgn0036118	1284	1065.33825249291	1575.75
FBgn0036135	650	175.22309774316	471.5
FBgn0036168	448	54.7767015898455	181
FBgn0036116	401	110.799743703694	223.5
FBgn0036198	1016	455.957015147494	1096.25
FBgn0036236	1278	1646.947436654	1618.25
FBgn0036237	833	479.112583852583	927
FBgn0036255	700	178.051432567343	521.75
FBgn0036224	556	196.785185459386	430.5
FBgn0036263	303	115.872621780962	189.25
FBgn0036277	608	237.364595021215	515.5
FBgn0036335	731	173.762457502907	544.5
FBgn0036381	297	38.7936296903708	83
FBgn0036389	1042	665.778440119827	1245.75
FBgn0036390	741	316.52831236069	714
FBgn0036306	667	204.132657903052	518.25
FBgn0036398	880	547.203599709728	1025.25
FBgn0036405	777	425.474936518768	842.25
FBgn0036395	628	299.911005998623	593
FBgn0036406	661	279.242982032858	600.25
FBgn0036446	1110	667.329708117327	1308.25
FBgn0036454	638	257.073159278521	561.75
FBgn0036417	459	63.000994971723	198.75
FBgn0036463	1194	859.651481934141	1469.5
FBgn0036488	1015	462.053914168395	1097
FBgn0036489	848	363.943061093713	849.75
FBgn0036545	1285	1105.86748767425	1587
FBgn0036563	465	184.616643842763	358.5
FBgn0036567	1310	1445.51166686072	1626.75
FBgn0036571	991	413.644654780359	1039
FBgn0036580	1296	1148.34008591209	1597.25
FBgn0036467	151	14.3153587109507	24.25
FBgn0036576	549	137.495117981956	352
FBgn0036587	334	33.5691747119786	89.75
FBgn0036615	1139	1030.67562001286	1471.25
FBgn0036581	735	156.961478276766	526
FBgn0036621	1120	684.087993317917	1325.25
FBgn0036629	1266	1217.78281282595	1589.25
FBgn0036643	880	323.887971256065	839.25
FBgn0036666	1308	1099.33805652593	1593
FBgn0036667	1240	931.748936071608	1521.75
FBgn0036668	905	452.758776655311	985.25
FBgn0036641	615	223.739909394082	504.75
FBgn0036679	553	146.748467044559	363.5
FBgn0036696	1121	707.594187338124	1340.5
FBgn0036728	371	41.782952965795	119.25
FBgn0036732	919	330.262468101312	888.25
FBgn0036740	893	593.964631470282	1068
FBgn0036745	810	279.078228017636	728.75
FBgn0036746	1244	1132.08351113405	1569.5
FBgn0036751	1209	994.307963171027	1516.5
FBgn0036761	998	521.064468615158	1123.25
FBgn0036770	725	232.836096190677	609.75
FBgn0036816	456	87.3009139206165	225
FBgn0036821	493	112.86471104011	282.5
FBgn0036837	396	77.4208005048553	175.25
FBgn0036805	263	58.7545703442562	105
FBgn0036822	341	66.1691416107123	137.75
FBgn0036838	1011	776.402111105843	1275.25
FBgn0036772	313	120.187408954387	199
FBgn0036846	1266	1263.57396595853	1594.25
FBgn0036909	860	363.412795356755	860.5
FBgn0036847	920	355.571389172268	919
FBgn0036918	1216	1162.60943949798	1553.75
FBgn0036925	1120	729.008894030544	1349.75
FBgn0036876	412	72.5260363024492	177.5
FBgn0036956	505	222.80207003985	432.5
FBgn0036979	1186	1009.34106547715	1504
FBgn0036990	1113	953.033121598239	1431.75
FBgn0036994	514	210.284511399181	423
FBgn0036998	522	124.554916723957	318.25
FBgn0037010	945	757.651559766351	1205.75
FBgn0037019	1207	1062.81585279757	1528
FBgn0037050	958	563.106872082232	1115
FBgn0036991	692	172.616844574947	502
FBgn0037042	937	616.43866440654	1128.5
FBgn0037063	814	334.068334241871	786.75
FBgn0037094	993	528.441483346866	1124.5
FBgn0037110	698	164.537324223007	501
FBgn0037115	1214	1026.7791474458	1526.75
FBgn0036872	43	0.598573840376745	5.5
FBgn0037061	623	197.381698693151	476.5
FBgn0037122	893	317.125838606188	848.5
FBgn0037144	438	86.9945430503095	209.5
FBgn0037156	1208	1423.2934889115	1569
FBgn0037199	1240	857.063376432112	1499.25
FBgn0037222	859	410.218959199924	901.75
FBgn0037299	719	177.115938520625	537
FBgn0037301	1153	719.831515231004	1372.25
FBgn0037312	699	163.408322368688	500.5
FBgn0037313	854	268.626478667307	761.75
FBgn0037330	956	443.082651595068	1033
FBgn0037359	1102	834.015623001375	1382.75
FBgn0037363	782	346.907272584853	771
FBgn0037445	760	246.95536142553	656.25
FBgn0037468	389	54.9031003148438	146
FBgn0037464	1067	587.253585542562	1229.5
FBgn0037469	855	323.427391107915	814
FBgn0037540	811	347.586822871338	795.75
FBgn0037602	1174	936.893041526845	1477.75
FBgn0037578	559	152.997753642233	375
FBgn0037603	844	394.329156051334	878
FBgn0037637	1171	671.776590447104	1362.75
FBgn0037630	445	89.7311832426998	222.75
FBgn0037797	434	113.425340939545	244.25
FBgn0037731	906	442.497641493626	981.75
FBgn0037841	763	236.42925088016	646.5
FBgn0037843	1149	824.275346776347	1418
FBgn0037718	505	179.591645595145	376
FBgn0037883	835	324.18352110137	795.5
FBgn0037710	685	249.899692875773	589.25
FBgn0037885	818	420.224271609238	871.5
FBgn0037894	846	453.440619022465	927.5
FBgn0037836	246	14.1516402760195	42.5
FBgn0037897	1236	879.623320586878	1503.5
FBgn0037898	477	110.541753414634	268.25
FBgn0037970	1112	906.72307280972	1414
FBgn0038016	1006	721.739620574756	1246.25
FBgn0038034	881	621.353811290159	1071.5
FBgn0037997	603	127.204600565544	375.25
FBgn0038037	539	221.633186443783	454.5
FBgn0038045	1280	1092.51672446858	1581
FBgn0037888	422	65.0106426434643	176.5
FBgn0038080	955	364.141198589304	959.75
FBgn0038088	283	42.8839477096421	87.5
FBgn0038106	801	218.736867291931	657.75
FBgn0038107	1118	825.865443776056	1392.75
FBgn0038108	1144	625.22636358062	1319.75
FBgn0038139	506	154.709453781205	345.25
FBgn0038144	1250	1023.932871813	1549.5
FBgn0038148	1080	701.057670850207	1302.75
FBgn0038146	453	122.840207205168	271
FBgn0038206	863	401.960772894964	901.5
FBgn0038196	801	193.825190862495	625.25
FBgn0038233	811	423.914180749321	869.75
FBgn0038235	792	313.786427484129	747.5
FBgn0038262	660	212.26744498601	527.75
FBgn0038303	1055	576.49827613548	1212.75
FBgn0038315	1012	440.724978878583	1081.5
FBgn0038320	862	372.670484995121	874.25
FBgn0038344	975	436.13785885763	1043
FBgn0038311	483	105.598299481936	266.75
FBgn0038369	851	462.141865306012	936.25
FBgn0038376	479	194.652955311447	378
FBgn0038363	1041	508.532099224001	1151
FBgn0038389	1199	739.902551224993	1418
FBgn0038381	696	278.371800136453	631
FBgn0038425	1067	555.845850447694	1210
FBgn0038426	1250	1177.83498594563	1577
FBgn0038428	1066	599.681759060641	1233.5
FBgn0038437	657	120.005467074753	407.25
FBgn0038337	297	130.958981204062	205
FBgn0038446	930	418.788396768722	985.75
FBgn0038448	1127	737.268563382313	1358.25
FBgn0038454	976	709.722013926868	1211.25
FBgn0038460	1041	898.739667004433	1345.5
FBgn0038473	485	89.4359506596287	247.5
FBgn0038488	1164	1023.66524432602	1490.5
FBgn0038447	349	75.2661792757824	148.75
FBgn0038492	717	172.947906596213	529.5
FBgn0038589	870	311.84494095858	820
FBgn0038585	801	346.818614261467	786.25
FBgn0038590	882	332.05919788341	851.5
FBgn0038596	711	301.30285797986	670.25
FBgn0038619	1204	1303.19985199673	1560
FBgn0038651	554	127.656495905291	342.5
FBgn0038660	647	282.479580357405	592.75
FBgn0038675	836	263.028065378676	738
FBgn0038679	508	134.556061989424	324
FBgn0038692	1045	806.501171485047	1319
FBgn0038737	997	674.58552218558	1211.5
FBgn0038744	608	152.393431650438	406
FBgn0038806	1047	502.318859040285	1154
FBgn0038808	866	263.008922873154	766
FBgn0038830	955	532.975165115032	1093.25
FBgn0038826	786	615.265907263879	978
FBgn0038858	905	340.824673645386	882.75
FBgn0038868	903	352.476633084361	892.5
FBgn0038893	1069	612.262673251805	1243.25
FBgn0038930	457	58.6462991687946	192.25
FBgn0038958	752	229.214462788078	633
FBgn0038976	1331	1362.6733987342	1629
FBgn0038977	1162	825.138495300419	1430.75
FBgn0039025	952	364.556481638492	958.25
FBgn0039116	664	184.571710120677	495
FBgn0039026	852	374.661100618248	865.75
FBgn0039051	478	170.187189481891	343.75
FBgn0039126	851	248.410013577606	736.75
FBgn0039149	800	398.742700938991	838.75
FBgn0039145	309	32.211238498585	79.25
FBgn0039170	978	835.369989008469	1270.5
FBgn0039104	401	64.3452642380343	163.5
FBgn0039172	876	256.005160554949	771.75
FBgn0039204	865	477.181596454428	957.75
FBgn0039205	1301	1176.46702565021	1602.25
FBgn0039052	282	118.992093241387	186.25
FBgn0039207	430	81.2802704284951	195.5
FBgn0039212	757	234.978394194253	640
FBgn0039209	827	224.30031518246	687.25
FBgn0039214	692	386.554241185366	735
FBgn0039218	1272	1088.51992756666	1574.5
FBgn0039219	1220	899.962638600547	1498.25
FBgn0039259	766	212.966098559701	623
FBgn0039298	1042	1127.78597299397	1403.75
FBgn0039300	785	316.595693651041	746.25
FBgn0039324	636	238.361765636532	540.5
FBgn0039302	1014	437.836053513819	1080.5
FBgn0039325	206	42.2236475543505	70.5
FBgn0039326	362	43.8573635833706	118.5
FBgn0039337	1154	788.169029023791	1405.75
FBgn0039402	560	336.231531467375	583.5
FBgn0003082	1235	1374.2556930684	1587.25
FBgn0003137	430	74.1318563366676	187.5
FBgn0003159	1185	762.673472308234	1421.5
FBgn0003249	484	135.200835227345	308
FBgn0003218	1093	519.118626125459	1205
FBgn0003189	768	355.011618125568	769.25
FBgn0003275	1132	684.977377797156	1338.25
FBgn0003277	1068	804.320835639783	1338.25
FBgn0003257	476	168.280332860147	338.5
FBgn0003308	620	153.639091437727	414.5
FBgn0003356	69	0.898513468294362	9.75
FBgn0003334	818	351.430841400844	806
FBgn0003366	355	48.1070700668416	120.75
FBgn0003391	828	573.889509983006	990
FBgn0003396	780	308.074481537634	733
FBgn0003274	409	47.0521657024892	146.5
FBgn0003416	998	501.181985299319	1108.25
FBgn0003449	1003	518.871100988698	1127
FBgn0003514	557	142.449900144667	361.25
FBgn0003520	1097	833.582433527051	1374.5
FBgn0003607	855	265.743962395382	759.5
FBgn0003656	1168	772.617708427006	1412.25
FBgn0003676	517	243.520345388151	461.25
FBgn0003687	1278	1081.44561148149	1576.25
FBgn0003741	1119	758.124635722156	1361.5
FBgn0003751	607	116.310922407079	364
FBgn0003861	1062	928.188400650865	1377.25
FBgn0003891	1146	1209.66038504436	1505.25
FBgn0004167	1232	1312.32873063529	1580.5
FBgn0004132	863	300.972313750534	801
FBgn0004364	580	176.778613238276	422
FBgn0004367	1261	921.511800684355	1529
FBgn0004370	813	439.884640841379	886
FBgn0004373	923	324.260587664283	887.5
FBgn0003357	90	4.01307425772688	14.5
FBgn0004391	886	266.53089718209	791
FBgn0004456	511	121.333770574665	308
FBgn0004513	1075	952.182438062376	1397.75
FBgn0004598	782	276.842606386469	704
FBgn0004606	606	172.673557749369	432.75
FBgn0004607	634	694.985567248462	891.25
FBgn0004647	1035	854.358972891642	1328.75
FBgn0004852	657	252.775854076593	568.75
FBgn0004838	808	304.793949355139	750.5
FBgn0004855	1100	563.964532817769	1240.5
FBgn0004860	698	293.58326031568	646.5
FBgn0004859	621	181.566135037772	453.25
FBgn0004191	105	7.24782872696724	18
FBgn0004861	1047	522.395713755415	1169
FBgn0004864	1061	870.339970758413	1358.75
FBgn0004893	488	131.373649995583	306
FBgn0004872	1089	739.778163931239	1325.5
FBgn0004885	507	86.3191641569412	257.5
FBgn0004908	855	472.908928409431	946
FBgn0004924	877	306.834602920818	824.5
FBgn0004957	1148	666.84451747601	1340
FBgn0005198	1132	679.473220286906	1334.25
FBgn0005624	795	235.772434560419	669.5
FBgn0005632	968	668.625507262612	1179.5
FBgn0005278	440	131.206594718049	271.5
FBgn0005674	403	83.1599419031146	186
FBgn0005654	812	270.63586890976	723.75
FBgn0039504	1050	776.307303183061	1311.75
FBgn0039461	676	142.605221657056	450
FBgn0039528	1128	722.444750349569	1353.5
FBgn0039563	1145	791.835144484029	1399
FBgn0039594	711	306.438180382334	675.75
FBgn0039611	929	502.73569228182	1044
FBgn0039612	249	19.0097207457923	47
FBgn0039637	735	299.865132424198	691
FBgn0039609	898	403.332890813797	939.75
FBgn0039645	704	194.362736528072	546.75
FBgn0039650	1155	726.677705718276	1379.5
FBgn0039664	1108	640.371202546032	1294
FBgn0039616	370	64.6608577589684	150
FBgn0039687	1209	908.058884522605	1492.5
FBgn0004429	42	0.765409013987757	5.5
FBgn0039696	348	118.363008739432	208.75
FBgn0039727	724	325.169535459739	701.25
FBgn0039703	279	53.2986225077868	100.5
FBgn0039731	942	526.950155225258	1077
FBgn0039732	744	364.375790514808	767
FBgn0039748	809	409.803284669642	853.75
FBgn0039749	703	286.033328213476	647.75
FBgn0039765	998	591.422660720931	1171.25
FBgn0039766	1362	1616.15588779769	1641.5
FBgn0039802	627	183.280009966831	460.5
FBgn0039809	905	496.567747903457	1009.75
FBgn0039769	582	172.28116348606	417
FBgn0039848	726	201.040566397076	572.5
FBgn0039774	226	34.8336892612186	62.75
FBgn0039863	1106	624.662735104623	1286.75
FBgn0039869	1209	1275.13673224168	1562.5
FBgn0039969	670	247.291245171348	575.5
FBgn0040007	791	356.180770765175	789.5
FBgn0040070	727	255.669681776006	640.25
FBgn0040076	815	274.34341612639	729.5
FBgn0039835	372	35.450130917886	112.25
FBgn0040020	478	93.4777302516897	249.25
FBgn0040104	958	441.205488376302	1036
FBgn0040234	460	80.1632353816515	217.25
FBgn0040237	705	189.744372083927	544
FBgn0040256	615	293.187107391803	572.75
FBgn0040233	629	104.121623092304	362
FBgn0040077	815	274.34341612639	729.5
FBgn0040260	392	192.323764134234	323.75
FBgn0040291	575	172.632446856415	413.5
FBgn0040333	737	301.156461443108	695.5
FBgn0040345	1014	750.054972527948	1264
FBgn0040347	1354	1529.05854282241	1639.5
FBgn0040348	849	393.80571506153	882
FBgn0040319	531	91.335259188959	281.75
FBgn0040376	319	34.0239543963287	86.5
FBgn0040389	882	378.069990662023	901
FBgn0040512	671	184.11580163672	499.75
FBgn0040394	928	507.441256545061	1047.25
FBgn0040534	906	360.848097758937	906.25
FBgn0040551	881	368.425473511303	891.5
FBgn0040575	1256	950.564911159196	1536
FBgn0040588	819	373.786037525177	833.5
FBgn0040623	1131	654.838005813573	1319.25
FBgn0040660	745	205.92951059972	599
FBgn0040397	477	116.162228771049	277.75
FBgn0040666	1021	419.874240039258	1070.75
FBgn0040650	973	502.770103863694	1084.5
FBgn0040733	199	10.5355624294686	30
FBgn0040674	760	334.30457956436	743.25
FBgn0040705	466	75.9879028114126	215.25
FBgn0040751	1379	1437.08145474791	1637
FBgn0040734	389	156.282704138079	273.5
FBgn0040752	827	308.685894154181	774.75
FBgn0040754	1176	747.288048312746	1407.25
FBgn0040763	806	223.094645944939	665.5
FBgn0040773	957	371.736552758026	972.5
FBgn0040775	1175	855.680874666408	1454
FBgn0040786	1163	817.526603793372	1428
FBgn0040793	515	87.6786444106346	265.25
FBgn0040890	1058	580.104052344488	1218.5
FBgn0040899	1341	1226.2155164464	1618
FBgn0040907	1189	770.632094891448	1428
FBgn0040923	1175	1012.19855057601	1497
FBgn0040931	1263	950.941741116726	1540
FBgn0041111	937	314.821996730989	894.5
FBgn0040972	151	33.7837053282515	48.25
FBgn0041188	837	410.266262820382	882.25
FBgn0041210	784	246.266304476337	673.5
FBgn0041181	532	101.90635926688	296.5
FBgn0041588	1023	430.326949777319	1082.75
FBgn0042094	947	579.259088772933	1116.5
FBgn0042126	365	51.0297816076937	130.5
FBgn0042131	808	339.611415923389	784
FBgn0042177	1139	872.49307238758	1428.75
FBgn0042119	739	260.254619717022	656.75
FBgn0041707	442	72.4437481403875	191.75
FBgn0042178	730	245.119592560673	629
FBgn0042213	991	388.398170691205	1019.5
FBgn0043002	842	490.217024912025	943
FBgn0043010	1189	776.096117589993	1429.5
FBgn0043012	767	325.405726264466	737.5
FBgn0043455	1326	1705.74126493256	1637.25
FBgn0043457	1088	1044.754061932	1427.75
FBgn0043536	902	364.780627429901	908
FBgn0043884	1243	935.912116892396	1526
FBgn0044030	1234	1085.1361747884	1553.5
FBgn0044020	822	214.52683215237	672.25
FBgn0041581	35	3.15656064583607	6.5
FBgn0044511	1218	923.664100983987	1504.5
FBgn0044812	81	39.0110828104438	51
FBgn0045852	1062	569.904578694388	1213.75
FBgn0044048	639	183.355736034924	473.75
FBgn0045866	1058	531.917407015202	1185.5
FBgn0046999	693	551.904453056403	860.5
FBgn0047000	668	206.835805561365	525.75
FBgn0047114	1113	675.584969380144	1314.75
FBgn0050005	495	119.584190661533	294.75
FBgn0050011	1111	623.721547683053	1289.75
FBgn0050035	456	86.9492605960464	224
FBgn0050036	971	694.418038511819	1198.5
FBgn0050050	240	27.7919881921446	56.75
FBgn0050109	608	246.638568071079	524.5
FBgn0050172	508	110.028952422893	291
FBgn0050183	896	535.667901207375	1034
FBgn0050069	463	75.3870232138333	213.25
FBgn0050184	1019	684.651019734106	1235.75
FBgn0050104	523	629.195293390196	781
FBgn0050120	660	126.581110695621	417.5
FBgn0050197	645	211.507944195862	515.5
FBgn0050185	977	511.049069451843	1096
FBgn0050343	1029	527.871968883278	1155.25
FBgn0050410	447	318.687951841168	491.5
FBgn0050263	623	226.62362750372	512.5
FBgn0050423	1146	1015.6005155327	1471.75
FBgn0050421	868	236.350635955854	739.75
FBgn0050461	1223	1041.72979722188	1538
FBgn0050462	1223	1041.72979722188	1538
FBgn0051005	577	241.92098876804	500
FBgn0050438	466	247.585233186703	434.25
FBgn0050485	832	319.218466408491	787
FBgn0051051	829	348.245924029094	813
FBgn0050481	685	153.517684439237	468.75
FBgn0051065	1312	1420.15586753364	1625.5
FBgn0051084	419	24.4739384701995	117.5
FBgn0051092	769	264.071445934348	679.5
FBgn0051076	941	448.337374263457	1023.25
FBgn0051126	1195	911.292292447174	1483.75
FBgn0051133	869	273.167624663075	780.25
FBgn0051102	445	70.203592742878	194.25
FBgn0051155	526	140.348678091215	342.75
FBgn0051184	1013	552.09322422411	1159.25
FBgn0051036	236	23.2264769582979	47.25
FBgn0051183	551	97.7812503460809	301.5
FBgn0051202	1230	1547.05355828712	1591.5
FBgn0051219	1047	1039.07202123083	1391.5
FBgn0051201	550	413.560877512273	647.75
FBgn0051249	720	204.875970412546	572.25
FBgn0051286	258	23.78412565159	52.75
FBgn0051292	988	756.198602961489	1243
FBgn0051360	1028	439.440011934533	1095.5
FBgn0051450	595	186.293935832585	446.5
FBgn0051460	1101	721.353779510726	1328.25
FBgn0051457	403	155.109493909242	280
FBgn0051473	1076	623.718402835683	1259.75
FBgn0051514	351	255.1602202353	377
FBgn0051510	571	173.821551792252	413.75
FBgn0051635	863	381.144715207317	884
FBgn0051729	1154	687.897500054546	1360.25
FBgn0051715	669	353.568155377652	680
FBgn0051779	526	269.289316735132	497.25
FBgn0051812	738	183.704089817881	564.5
FBgn0051855	1256	958.442556757868	1539.5
FBgn0051909	568	269.704668665375	524
FBgn0051922	1299	1313.45082722694	1616.25
FBgn0051935	861	450.855503009351	938.25
FBgn0051950	925	613.311450653123	1110.5
FBgn0051957	396	41.0473984615873	130.25
FBgn0052022	976	366.836246988693	985.25
FBgn0052069	1307	1099.4404056639	1593
FBgn0052107	932	521.299362285574	1061
FBgn0052109	1046	494.575402980429	1144.25
FBgn0052055	207	77.0682254189493	113
FBgn0052113	941	435.793098934485	1014.25
FBgn0051663	247	31.1263382551985	63
FBgn0052194	300	45.9867640113835	95
FBgn0052230	697	133.378462160362	461.75
FBgn0052152	496	94.2092989866111	262
FBgn0052267	983	425.142131142635	1041.75
FBgn0052262	1042	643.51633496409	1236.25
FBgn0052278	491	82.0562465525087	238.5
FBgn0052238	320	37.5923520423672	91.5
FBgn0052296	1122	745.823070649798	1358.75
FBgn0052344	631	221.528409382783	514.5
FBgn0052409	562	166.402951017098	396
FBgn0052368	500	133.150861757413	315
FBgn0052441	1027	637.750551862898	1221.75
FBgn0052391	334	23.4608753165539	74.75
FBgn0052412	226	167.739287086997	231.75
FBgn0052448	1188	779.469188606635	1432.5
FBgn0052451	640	280.386893954514	586.5
FBgn0052473	834	357.019324408694	829.5
FBgn0052476	345	47.6781393854498	115
FBgn0052551	1067	657.202753243803	1264.5
FBgn0052581	381	48.0121847966031	132.75
FBgn0052537	472	257.067559988106	447
FBgn0052647	1184	915.183886927751	1479.25
FBgn0052654	1175	792.578002650811	1426.5
FBgn0052590	517	122.875053506431	313.75
FBgn0052668	359	51.6373133304542	129
FBgn0052669	832	291.559586329599	758
FBgn0052667	568	154.438401301525	384
FBgn0052783	685	176.73868676267	500.25
FBgn0052602	196	24.5023408428944	41
FBgn0052726	1282	1505.03024352302	1617.5
FBgn0052786	695	212.140898477994	560.5
FBgn0052831	541	200.772147612918	426.5
FBgn0052856	1253	1118.58081742724	1571
FBgn0053109	654	353.270870217656	666
FBgn0053144	907	311.039151935218	859.75
FBgn0053169	1287	1066.42314282531	1579.5
FBgn0053170	1267	1357.17342068409	1604
FBgn0053196	909	353.782283633078	906.25
FBgn0053198	552	125.721284578605	337.75
FBgn0053200	743	157.610903728491	536
FBgn0053208	1132	1218.36784648789	1495.25
FBgn0053213	908	295.237087500589	844
FBgn0053276	957	393.283859952746	991.5
FBgn0053556	653	419.336790862891	727.75
FBgn0053530	398	83.4098580644798	183.5
FBgn0053774	1210	875.030847833016	1485.75
FBgn0053965	575	178.520998892663	422
FBgn0053914	514	220.767668482956	436
FBgn0053964	634	210.358740653392	505.5
FBgn0053288	545	144.093454926606	355.25
FBgn0053978	939	576.508172748172	1108.25
FBgn0054001	1002	691.17655768604	1229.25
FBgn0054005	734	246.006090078094	634.75
FBgn0054008	1003	645.233576323437	1204.5
FBgn0053977	705	147.39170755219	487.5
FBgn0054025	939	476.633868021185	1037.75
FBgn0058002	1083	540.342242972053	1215
FBgn0061198	1173	824.895685891553	1438
FBgn0061361	948	371.65451386692	962.75
FBgn0063449	369	137.033212124425	244.25
FBgn0061362	948	371.65451386692	962.75
FBgn0063670	988	581.239785829645	1155.5
FBgn0058470	212	36.3406418833229	63.5
FBgn0066084	1237	912.921728154444	1515
FBgn0066292	380	106.096470260942	206
FBgn0069923	1079	539.972686769828	1211.5
FBgn0082999	430	66.410442063689	181.5
FBgn0083121	999	496.582903667438	1105.25
FBgn0067622	726	294.810639284398	673.25
FBgn0083167	930	348.360251208587	918.75
FBgn0083953	1077	581.491619955954	1237.75
FBgn0083956	487	110.668378552526	276
FBgn0083961	1298	1107.96102062911	1593
FBgn0083983	1049	937.141248585558	1371.5
FBgn0083986	1037	504.009364101637	1144
FBgn0085201	582	115.268276067823	347
FBgn0085209	1333	1181.01276854913	1612.75
FBgn0085212	1051	673.771387677052	1261.25
FBgn0083970	163	24.5104478114467	37
FBgn0085220	441	42.3054560278691	156.75
FBgn0085224	392	85.755715611535	184.75
FBgn0085229	943	333.900263370802	918.5
FBgn0085236	1286	1009.41402811045	1565.25
FBgn0085237	500	83.4398892634475	247
FBgn0085241	686	372.146185623571	716.75
FBgn0085243	981	466.785237930676	1069.75
FBgn0085257	1160	729.960257951513	1385
FBgn0085271	1229	895.856745492056	1502.75
FBgn0085260	732	302.489093239977	692
FBgn0085276	826	250.928440301201	713
FBgn0085279	1266	1440.20376147269	1606.25
FBgn0085290	969	736.654007721284	1215.5
FBgn0085284	561	91.8988391886538	303.75
FBgn0085319	809	440.200027004332	882.25
FBgn0085320	400	21.1415095557817	102.5
FBgn0085334	888	527.935974147404	1017.5
FBgn0085344	812	270.63586890976	723.75
FBgn0085358	435	57.6758651410281	174
FBgn0085370	892	401.346801143599	930.75
FBgn0085436	953	614.748540808903	1139.75
FBgn0085330	589	128.797097364188	370.25
FBgn0085450	849	374.695674387152	863.5
FBgn0085442	1301	1469.18155483372	1624.75
FBgn0085452	404	46.5399037550029	143.25
FBgn0085468	1258	959.383748483457	1542.25
FBgn0085474	714	395.196026598453	767.25
FBgn0085475	972	423.275617738083	1028
FBgn0085736	1200	842.354521304282	1465
FBgn0085766	1076	534.921568513398	1206.25
FBgn0085777	683	340.087844862023	676.25
FBgn0085772	842	276.624069823143	756
FBgn0085817	693	216.491210150909	563.5
FBgn0085826	910	298.032162820219	851.25
FBgn0086068	1238	1089.17936247252	1558
FBgn0086348	410	75.3328380675174	180.5
FBgn0086134	561	114.693369987512	332.25
FBgn0086368	646	113.340334253613	388.75
FBgn0086446	957	345.681033296152	940.5
FBgn0086447	970	395.553617433119	1005.5
FBgn0086451	909	401.988731013169	954.75
FBgn0086367	463	97.2400778011864	245.25
FBgn0086680	1024	550.274520699785	1169.25
FBgn0086686	982	867.613262650633	1286.25
FBgn0086472	525	293.591990722246	516.25
FBgn0086690	1125	857.5692647417	1411.75
FBgn0086710	494	181.33976404067	369.25
FBgn0086901	691	184.255272811094	516.75
FBgn0086695	300	56.7295666040307	111
FBgn0086768	820	227.122627499021	684.25
FBgn0087002	563	209.500773076165	455
FBgn0087005	782	259.771869684139	686.5
FBgn0087035	1034	525.021251285999	1156.5
FBgn0250788	828	304.810079878467	770.5
FBgn0087011	389	97.4514821092205	200.5
FBgn0250786	778	266.535741826993	689.25
FBgn0250789	937	366.005755407024	949
FBgn0250851	914	376.995449827063	936
FBgn0250839	401	59.1941154686592	159
FBgn0250862	1322	1172.88023723255	1607
FBgn0250868	953	719.234210636034	1193.75
FBgn0259111	700	386.045044915415	745.25
FBgn0086908	158	6.61422306497805	21.5
FBgn0259101	203	31.0186305992514	52.5
FBgn0259178	624	207.699270398092	492.75
FBgn0259209	991	619.347451578331	1180.5
FBgn0259211	743	299.496063999996	698.5
FBgn0259233	1099	1180.27812544671	1460.5
FBgn0259234	927	417.703489803579	979.5
FBgn0259699	1074	763.607017164309	1325.75
FBgn0259247	258	39.5654960814595	76.75
FBgn0259700	1077	759.503212428952	1328.25
FBgn0259707	908	577.220946830679	1077
FBgn0259708	467	155.872108556143	321
FBgn0259709	467	155.872108556143	321
FBgn0259711	918	418.212780551719	973.75
FBgn0259713	568	166.517910054458	399
FBgn0259735	655	171.289192280416	468.5
FBgn0259740	1098	547.434974771552	1230.25
FBgn0259785	1000	529.340263421059	1133.5
FBgn0259831	1289	985.320418802192	1564.5
FBgn0259832	1318	1104.57247069551	1597.5
FBgn0259878	444	89.2922226700394	219.5
FBgn0259992	390	48.2214101500552	138
FBgn0260003	714	205.866797031102	567.25
FBgn0260008	1135	659.464003877432	1326.75
FBgn0259716	407	76.0857030786197	180.25
FBgn0260225	732	380.229829874807	771
FBgn0260439	1088	958.246603225901	1409.75
FBgn0260442	750	159.319749982844	542.25
FBgn0260770	731	195.074844063952	572.75
FBgn0260450	906	536.789645846358	1046.75
FBgn0260775	731	195.074844063952	572.75
FBgn0260856	800	354.484868861066	793.75
FBgn0259936	158	55.8632179695061	81
FBgn0260794	809	392.482373894119	840.75
FBgn0260859	1161	1157.91078232685	1513.25
FBgn0260932	1174	1076.49809169639	1508.25
FBgn0260934	764	189.665115574618	591.25
FBgn0260935	992	473.942622874577	1084.25
FBgn0260960	1064	515.477911368166	1177.25
FBgn0260475	272	123.098080541239	189
FBgn0260970	1109	624.311879303206	1288.25
FBgn0261016	1207	912.498400671683	1492.5
FBgn0261067	828	266.617675897986	733.5
FBgn0261068	535	116.562844026497	319.25
FBgn0261053	680	302.27106659289	638.5
FBgn0261059	521	158.259037093606	360
FBgn0261111	1142	798.432845397825	1399
FBgn0261260	686	281.294965197652	624.25
FBgn0261261	1160	1019.32200304806	1484.5
FBgn0261262	343	76.7722473163848	149
FBgn0261266	892	543.780150141912	1034.75
FBgn0261268	892	287.364103922675	818.25
FBgn0261274	901	396.268791359695	937.75
FBgn0261277	467	111.461609696717	266.75
FBgn0261361	999	431.569829478486	1064.25
FBgn0261444	980	601.168744065829	1155.5
FBgn0261508	598	118.269717315932	361.5
FBgn0261437	751	265.712473757621	670
FBgn0261535	994	484.403027722991	1091.25
FBgn0261552	1027	819.513457462587	1308.25
FBgn0261553	1183	779.018059808739	1427.75
FBgn0261554	1314	1479.66093338783	1629
FBgn0261597	624	246.485828987337	535.75
FBgn0261608	845	305.366427643965	789.5
FBgn0261618	1086	899.759508859121	1387.5
FBgn0261504	230	29.5083644423138	56
FBgn0261788	1266	995.511213595243	1551.75
FBgn0261789	1120	632.811054133129	1301.75
FBgn0261791	1105	550.143957868355	1240.5
FBgn0261714	428	157.628374026545	296.25
FBgn0261797	736	276.044604336328	669
FBgn0261859	625	129.143220935047	394
FBgn0261790	379	89.5020982499695	184.25
FBgn0261822	483	102.03205448623	262.75
FBgn0261862	441	76.7284722380012	197.25
FBgn0261873	985	456.09689195099	1069
FBgn0261881	1027	852.753383207287	1321.25
FBgn0261985	994	545.735333315459	1138.75
FBgn0262001	859	355.658221552001	851.75
FBgn0262081	694	239.099692577043	588.75
FBgn0262108	844	258.598558324583	741
FBgn0262127	671	244.263722958787	571.25
FBgn0262149	560	145.07660580353	367.5
FBgn0262116	1177	852.794222302206	1454.75
FBgn0262169	781	468.460112986836	877
FBgn0262359	1144	809.002900294187	1407.25
FBgn0262473	807	213.984748588861	656.25
FBgn0262510	740	169.055750687825	546.5
FBgn0262512	975	453.585220771243	1056
FBgn0262516	999	430.696563525746	1063.75
FBgn0262517	1110	892.343831857445	1407.75
FBgn0262524	1060	669.671917215356	1265.5
FBgn0262565	1098	744.769527129676	1335.25
FBgn0262003	177	81.9961024069737	114
FBgn0262567	1200	721.424287682357	1411
FBgn0262574	1076	558.103805346362	1220.25
FBgn0262598	578	185.203781647644	433.5
FBgn0262601	1127	1262.14681208435	1493.25
FBgn0262582	890	282.76924784798	811.5
FBgn0262614	446	79.9195906139502	206.5
FBgn0262732	531	185.406293509625	403.25
FBgn0262731	935	425.222732496316	998
FBgn0262801	699	173.195883183618	514
FBgn0262656	444	64.5683509355893	188.5
FBgn0262815	649	191.662783533598	491.5
FBgn0262794	64	12.3863099877923	17
FBgn0262867	611	296.401251765854	575
FBgn0262820	569	121.384105280159	346.25
FBgn0262858	1123	852.369727773747	1405.75
FBgn0262872	838	417.28827156737	888.25
FBgn0262569	25	4.28494172640139	7
FBgn0262880	1031	601.679757963695	1205.25
FBgn0262738	620	276.636933475375	562
FBgn0262954	1020	455.283982604298	1099
FBgn0263025	1041	977.48228199251	1371.5
FBgn0263029	991	548.413225227634	1138
FBgn0010241	338	42.0676152696908	105
FBgn0010340	757	226.629498801791	632.5
FBgn0010350	692	299.787119077241	646
FBgn0010041	153	37.4458522498927	53.5
FBgn0010300	1041	498.954029886034	1140
FBgn0010434	854	343.058585828412	832.25
FBgn0010387	518	104.144776011694	289
FBgn0010488	1097	618.936746052377	1271
FBgn0010531	653	186.577724272332	489.25
FBgn0010607	585	89.1185936405199	314.25
FBgn0010385	302	63.0531844046937	120
FBgn0010414	505	159.581299056713	351
FBgn0010612	1136	694.886705681843	1349.75
FBgn0010638	446	64.4790985808861	191
FBgn0010651	826	380.527747526101	846
FBgn0011227	956	346.020215021903	939
FBgn0010621	482	163.094322316128	338.5
FBgn0010741	488	171.149357136148	352.5
FBgn0011230	1175	1040.38473749028	1503.5
FBgn0262881	52	4.61269943616866	11.5
FBgn0011476	633	99.4127431248976	360.25
FBgn0011573	448	175.064581260348	334.5
FBgn0011640	941	380.805173480965	967.75
FBgn0011260	916	753.216214164543	1175
FBgn0011740	1104	571.651795889362	1252.75
FBgn0011726	480	126.314681452384	292.25
FBgn0011741	1072	611.300676038799	1244.5
FBgn0011746	297	62.1700668145456	115
FBgn0011769	908	601.332474393451	1090
FBgn0011771	824	413.40814177654	870.75
FBgn0011828	727	588.457600874571	916.75
FBgn0013343	720	330.548177567405	703.75
FBgn0013672	337	49.7321692088344	116
FBgn0013432	1227	958.635167758293	1524.5
FBgn0013675	303	20.6194749869087	60.25
FBgn0013681	1239	846.673578223833	1493
FBgn0013469	587	210.510405804165	474.25
FBgn0013689	1109	827.812698953697	1386.75
FBgn0013686	328	22.8027308245726	71.5
FBgn0013697	1295	1325.70500929514	1615
FBgn0013700	679	138.66128285411	449.5
FBgn0013701	380	35.1798419664089	114
FBgn0013704	1218	1069.63553657142	1538.5
FBgn0013699	410	107.92650402142	226
FBgn0263077	670	254.486361820519	582
FBgn0013705	536	70.1816874470103	255.25
FBgn0263132	205	18.4549148311461	36.5
FBgn0263206	448	78.7911528944862	207.5
FBgn0263212	687	333.270016768072	674
FBgn0263120	384	60.045410544718	151.25
FBgn0263213	969	613.860040567673	1152
FBgn0263214	1020	724.06558288906	1258
FBgn0263110	775	487.31486468764	879.5
FBgn0263231	1038	588.964026284406	1203.5
FBgn0263232	992	537.080104725486	1132.75
FBgn0263240	1054	609.003756296537	1228.5
FBgn0263083	325	22.5626534179368	69.5
FBgn0263256	724	333.989230035269	710.75
FBgn0263260	697	218.955418950043	570.25
FBgn0263289	862	480.386178934396	956.75
FBgn0263346	1091	565.72851295661	1234.75
FBgn0263377	778	221.713053178703	641.75
FBgn0263413	1169	1054.06331116986	1500.75
FBgn0261567	16	0.438769814592873	2.5
FBgn0263443	909	535.605185880182	1053.25
FBgn0263445	532	282.676927473276	515
FBgn0263494	743	296.798952419127	696
FBgn0263599	1090	685.629272914168	1300.25
FBgn0263490	647	207.064382984643	509.75
FBgn0263705	674	261.17760601017	592.25
FBgn0263697	978	422.683807364962	1034
FBgn0263744	758	522.735359481123	897.5
FBgn0263750	480	88.6302995562922	242.25
FBgn0263762	505	197.351195380816	399.5
FBgn0263763	301	96.966499039504	162.5
FBgn0263838	1031	801.212108991566	1302.25
FBgn0263852	1146	761.319180812862	1387.25
FBgn0263911	927	331.062837055162	896.5
FBgn0263916	410	83.7561076347114	193.5
FBgn0263929	1155	735.30667052023	1382
FBgn0263968	1075	662.581122023589	1274.25
FBgn0263930	379	107.590062374861	206.25
FBgn0263983	597	207.543791849615	474.75
FBgn0263995	397	119.566966492091	234
FBgn0263835	317	27.6068834802931	76
FBgn0263977	842	240.838985976795	719.5
FBgn0264272	957	681.698107813925	1179.5
FBgn0264297	1102	686.730574993042	1314.25
FBgn0264298	1102	686.730574993042	1314.25
FBgn0264299	1102	686.730574993042	1314.25
FBgn0264291	662	296.667858570539	616.5
FBgn0264324	962	378.746449534031	982.5
FBgn0264360	1246	1010.78608943552	1544
FBgn0263659	63	1.93519728668376	9
FBgn0264448	520	124.54044168923	316.5
FBgn0264560	1059	466.916993573594	1142.5
FBgn0012042	48	5.39626961100414	11.5
FBgn0264561	907	770.688384813034	1174.75
FBgn0264694	311	60.3504316736046	120.5
FBgn0264696	721	610.961496277838	919
FBgn0264460	486	67.8782796285715	219.75
FBgn0264710	1202	852.835894779211	1470.75
FBgn0264721	1275	1499.73125481729	1612.5
FBgn0264751	630	227.231757758217	520.75
FBgn0264863	565	159.829716900993	391.5
FBgn0264895	733	499.998024049923	860
FBgn0264835	945	640.837614344603	1148.75
FBgn0264946	534	171.769858149775	385.5
FBgn0264949	1056	508.913347734614	1168.75
FBgn0264906	309	32.211238498585	79.25
FBgn0264953	505	99.5517249951079	275
FBgn0264901	632	692.925942900714	885.75
FBgn0264954	742	157.804728207968	536
FBgn0264959	1139	744.526528217449	1373.25
FBgn0264947	780	415.093938742655	834.5
FBgn0264975	876	286.916320216347	802.25
FBgn0264986	587	157.228719295691	402.75
FBgn0264991	324	100.816521031728	174.5
FBgn0264997	900	324.431218356344	861.25
FBgn0265046	785	390.569531125439	821.25
FBgn0265052	1221	1077.89371319989	1543.75
FBgn0265053	428	52.9494695149357	164.25
FBgn0265065	913	451.656577504948	998
FBgn0265083	1118	825.865443776056	1392.75
FBgn0265084	1324	1233.65319381607	1614.5
FBgn0265101	522	157.869618445637	360.25
FBgn0265177	1070	516.245110001706	1184.25
FBgn0265201	1250	1251.55027234003	1584
FBgn0265295	820	429.972908525031	883.25
FBgn0265318	1084	694.893714991213	1303.5
FBgn0265070	166	50.1794284198923	76.75
FBgn0265342	1058	680.330154440003	1270
FBgn0265351	1179	812.660047383246	1440
FBgn0265362	1273	1028.59761390459	1561.75
FBgn0265434	1066	566.946625056544	1216
FBgn0265343	331	57.7619665551005	124
FBgn0265458	330	62.3836271992344	128
FBgn0265487	586	125.555825603833	362.75
FBgn0265536	1210	747.847739781153	1430.75
FBgn0265623	678	135.061304268937	444.25
FBgn0265508	839	658.751631759327	1045.25
FBgn0265778	823	332.932091262447	791.75
FBgn0265800	683	183.19877867004	505.25
FBgn0265968	635	95.4047824040612	359
FBgn0266019	685	143.398175115625	457.75
FBgn0266041	845	433.742417354241	911.5
FBgn0266049	668	168.927367758254	475.25
FBgn0265937	559	167.670804590678	393.5
FBgn0266072	618	152.938515724147	412
FBgn0266084	597	199.355323900529	462.25
FBgn0266051	867	313.886856742189	817.5
FBgn0266117	777	378.960184027389	800.75
FBgn0265982	334	91.0616855015255	166.75
FBgn0266141	1275	1274.22096079561	1600.5
FBgn0266203	1035	871.876432517132	1334.25
FBgn0266311	1048	952.832953500888	1376
FBgn0266316	988	636.158692176611	1185.5
FBgn0266319	868	603.917498213312	1045.75
FBgn0266327	381	43.1728474600021	126.75
FBgn0266349	870	616.417895480143	1056
FBgn0266350	714	219.249137153912	587.25
FBgn0266377	1159	959.318295024457	1474
FBgn0266421	909	440.050941041484	986.75
FBgn0266411	1026	762.088038638147	1281.75
FBgn0266445	706	150.862236529412	490.75
FBgn0266450	850	253.763629138818	741
FBgn0266352	502	91.684356478856	262.75
FBgn0266456	746	161.023161933264	543.25
FBgn0266455	872	601.532722085769	1049
FBgn0266580	1023	811.585151613399	1301.75
FBgn0266490	936	305.497814828987	884.75
FBgn0266569	695	803.083728412123	990.5
FBgn0266637	1273	968.086534371058	1551.25
FBgn0266638	1136	846.875136760231	1417.25
FBgn0266653	1264	973.422374571008	1547
FBgn0266615	266	17.2583203419691	47.25
FBgn0266666	797	255.602216111847	693.75
FBgn0266711	1013	565.873955641713	1166.25
FBgn0266696	865	506.615298993549	978.75
FBgn0266717	812	213.08221610166	662.5
FBgn0266723	1178	803.984587676381	1434.5
FBgn0266731	777	187.387264374205	596.75
FBgn0266756	557	90.1090050191893	295.75
FBgn0266802	1153	696.171437068426	1363.25
FBgn0266813	841	241.278925849407	718.75
FBgn0266866	824	228.822647086032	689.25
FBgn0266906	849	273.760958759354	761
FBgn0266966	912	358.295691725555	914.75
FBgn0266428	228	25.2871628300421	49
FBgn0267026	1195	813.631813006785	1449.75
FBgn0266958	799	465.796207052896	889
FBgn0267030	868	449.693649188021	944.25
FBgn0267051	1161	891.138161632563	1451.75
FBgn0267053	908	390.103542270673	941.5
FBgn0267054	874	348.859906905297	859
FBgn0267078	875	453.704244742624	957
FBgn0267118	1189	911.465180357881	1481.5
FBgn0267126	1087	636.130159895286	1272.25
FBgn0267180	966	353.39125101658	956.5
FBgn0267185	933	431.900318988208	1000.75
FBgn0267365	706	217.692633876762	580.75
FBgn0267390	1203	944.017776946638	1501.5
FBgn0267398	620	116.605231762859	372.5
FBgn0267448	832	625.936652202885	1025
FBgn0267439	792	174.051480976774	593
FBgn0267452	502	136.951543015367	322.25
FBgn0267462	1009	425.406874668025	1067
FBgn0267348	357	57.5801786586468	135.25
FBgn0267468	981	565.277131779387	1135.25
FBgn0267488	878	304.959697272199	822.25
FBgn0267496	1080	532.954405196256	1207.25
FBgn0267499	1047	489.736134563373	1143.5
FBgn0267500	1007	408.178979013727	1049.75
FBgn0267502	975	392.319954954058	1005
FBgn0267503	983	377.314888290088	999.75
FBgn0267480	316	49.565592444468	107.5
FBgn0267512	1055	499.012739619281	1156.75
FBgn0267522	778	382.447078417511	807.25
FBgn0267535	594	98.0755108766616	333.25
FBgn0267525	817	506.595471186378	931.5
FBgn0267556	1155	650.335923626453	1339.5
FBgn0267601	1296	1059.83449881693	1579.75
FBgn0267606	508	73.4734016354313	240
FBgn0267624	1167	823.527000863345	1432.5
FBgn0267635	707	230.201580001765	596.25
FBgn0267761	1044	932.441354242794	1363
FBgn0267815	704	362.641246375604	725.75
FBgn0267866	172	17.8754010330856	31.5
FBgn0267910	1075	531.93149149563	1200.75
FBgn0267824	548	206.676821443364	436.5
FBgn0267729	366	49.288558081339	128.25
FBgn0267978	571	118.924863109004	344.75
FBgn0267988	444	77.4122300473035	201.5
FBgn0267587	453	102.386885578519	244.5
FBgn0270925	300	55.8680103666994	110
FBgn0267989	872	259.979718502238	770
FBgn0283433	1056	585.821998129964	1219.75
FBgn0013733	819	246.89845049163	704
FBgn0283427	360	38.2569834211332	109.5
FBgn0013749	838	321.116656948461	795.75
FBgn0013767	358	88.3047700300564	173.5
FBgn0267867	158	10.9955286277114	24
FBgn0015019	527	180.037680596016	392
FBgn0283473	809	267.359425326353	716.25
FBgn0014391	384	48.2435522277635	135.75
FBgn0013810	841	560.383878994468	992.75
FBgn0265577	45	8.78442471803801	12.5
FBgn0015024	616	188.695261478156	460.75
FBgn0015031	1099	541.633765415558	1228.5
FBgn0015035	639	268.401527928905	574.25
FBgn0015025	638	157.228268940961	438.75
FBgn0015269	834	637.673256683397	1031.5
FBgn0015270	309	101.159340183956	170.5
FBgn0015271	903	523.270510500982	1031
FBgn0015278	756	225.988129395406	630
FBgn0015298	761	162.112852202225	552.5
FBgn0015299	1356	1508.48652636756	1639
FBgn0015379	1051	505.209276320922	1160.75
FBgn0015477	918	339.90231310802	898.75
FBgn0015513	792	384.526397225271	820.5
FBgn0015520	741	346.693038680124	742
FBgn0015623	433	71.6740195615269	185
FBgn0015521	1104	648.228956149601	1293.75
FBgn0016059	858	424.647015868035	914.5
FBgn0016070	1181	1082.49857492101	1517
FBgn0016075	304	30.2391954102523	75.5
FBgn0016081	1215	904.623528771993	1495
FBgn0016672	927	429.269729345314	991
FBgn0016685	405	58.8789978314915	162.25
FBgn0016726	1184	776.379794711196	1426.75
FBgn0016970	1148	709.313934616295	1364.5
FBgn0016983	1073	756.841282514372	1320
FBgn0016660	446	88.6890362530306	221.5
FBgn0017430	1172	790.711624695351	1421.5
FBgn0019886	930	614.060356060339	1117.75
FBgn0019890	1224	1029.58239584833	1536.75
FBgn0019938	729	208.836779777309	589.25
FBgn0019940	940	428.51326441702	1006.5
FBgn0020309	797	331.803411338835	767.75
FBgn0020294	504	211.495839464774	417.75
FBgn0020370	1125	623.645640574627	1300.75
FBgn0020412	930	452.849887070655	1014.25
FBgn0020443	552	107.613494134433	313.75
FBgn0020378	281	28.5580275891784	65
FBgn0020497	1021	571.714073078991	1179.25
FBgn0020503	861	525.065950901053	988.75
FBgn0020506	1021	680.649070812175	1236.75
FBgn0020642	594	132.189623267316	377.25
FBgn0020762	1118	544.454021199702	1246.5
FBgn0020930	1152	687.797391858366	1357.5
FBgn0021796	1092	564.704353147183	1234.5
FBgn0021814	583	281.831497082647	547.25
FBgn0021818	929	532.709189499797	1067.5
FBgn0021875	623	177.469887574215	451
FBgn0021995	680	153.887315666559	465.5
FBgn0022027	691	280.828067720949	627.25
FBgn0022153	1032	565.589465005958	1183
FBgn0022224	1091	608.482263207868	1258.25
FBgn0023081	1007	446.963506815615	1082.75
FBgn0022160	393	92.5328273805053	198
FBgn0023083	1098	801.274355255052	1360.25
FBgn0023096	707	307.777136968378	675.25
FBgn0023170	1052	509.54456925974	1167
FBgn0023172	1198	1192.1702076541	1544.25
FBgn0023407	726	146.216535974569	502
FBgn0023213	1196	1105.92035777611	1532.5
FBgn0023458	750	337.826561261148	740.25
FBgn0023510	997	727.839812062162	1240.5
FBgn0023514	1219	806.320898117687	1462.75
FBgn0023519	1302	1271.62612863273	1614
FBgn0023530	718	173.862655503327	532.5
FBgn0024150	624	268.261539622084	559.25
FBgn0024182	978	707.149420708733	1211
FBgn0024196	1265	1257.52906943035	1591.5
FBgn0024248	770	215.812805258042	629
FBgn0024251	966	690.335496968105	1192.5
FBgn0024315	1097	1065.79871883464	1437.5
FBgn0023535	621	129.044753491613	388.25
FBgn0024352	236	52.4109720605277	90.75
FBgn0024432	715	161.967356789809	513.5
FBgn0024555	995	498.629927371889	1101.5
FBgn0024841	755	286.258697837052	692.75
FBgn0024329	726	203.933095179065	574.5
FBgn0024909	1101	566.154845034844	1245.75
FBgn0266405	15	4.42801796297531	6.5
FBgn0024912	1042	533.95913408052	1172.75
FBgn0024920	974	677.684932004343	1189.5
FBgn0024921	860	724.20945161039	1101
FBgn0024986	1018	613.117076927031	1196.25
FBgn0025525	1021	783.017463288615	1288.75
FBgn0025558	803	508.364828008589	922
FBgn0025615	810	357.400206565877	807.75
FBgn0025637	853	426.342260077736	913.5
FBgn0025638	741	209.554236105922	603
FBgn0025640	514	360.37339788827	578
FBgn0025629	650	200.129195512521	501.5
FBgn0025742	599	245.492504531482	517.75
FBgn0025777	727	359.954240302285	743.75
FBgn0025800	915	574.773539985195	1083.5
FBgn0025806	1115	638.211489029673	1299
FBgn0025807	570	108.338392108907	329.25
FBgn0025678	469	100.685173852522	253
FBgn0025820	1133	767.310579208339	1381
FBgn0025827	660	206.170753617356	516.25
FBgn0026083	984	464.318608828449	1071.75
FBgn0026088	795	217.249846940354	651
FBgn0026089	739	170.835534052689	547.25
FBgn0026149	1011	648.446008283178	1210.75
FBgn0026181	666	181.402455898609	490
FBgn0026199	949	487.983351753778	1051.75
FBgn0026252	646	186.352821011975	483.25
FBgn0026309	1022	759.87997115275	1278
FBgn0026316	852	463.8954044222	938.75
FBgn0026324	780	189.626121865567	602.5
FBgn0026393	1209	736.48766075243	1423
FBgn0026403	670	188.698171730526	506
FBgn0026428	450	113.043218271797	256.5
FBgn0026314	774	367.687902792906	789.5
FBgn0026565	282	29.0694261330471	66.25
FBgn0026666	1090	852.124202044146	1374.75
FBgn0026401	559	213.037441962556	457
FBgn0026566	801	359.240553637849	801.25
FBgn0026737	604	149.981488745624	401
FBgn0026741	1241	886.498747356946	1508
FBgn0026753	931	355.485265701779	928.5
FBgn0027079	907	425.026198333831	968.25
FBgn0026879	1174	768.930145667546	1414.75
FBgn0027086	536	146.178645029321	353.75
FBgn0027095	612	115.453773584794	365.5
FBgn0027259	1045	546.026229692177	1184.5
FBgn0027280	892	572.437220954367	1053.75
FBgn0027296	885	519.468346608951	1009.5
FBgn0027341	440	154.399382369716	297
FBgn0027342	684	366.258894663054	708.5
FBgn0027287	991	462.250799738987	1077.5
FBgn0027375	676	163.591862109431	476.5
FBgn0027492	778	395.550396760658	819.25
FBgn0027505	1117	624.390324087348	1295
FBgn0027356	347	106.259572968145	191
FBgn0027508	1224	844.353456448989	1484.25
FBgn0027513	1068	1099.784680005	1424.25
FBgn0027526	703	169.383987641067	511.75
FBgn0027535	988	544.650747785671	1132
FBgn0027568	1350	1248.20128107674	1620.5
FBgn0027570	229	29.7740653622385	56
FBgn0027580	876	484.043200080899	973.25
FBgn0027582	957	570.27690969738	1120
FBgn0027583	946	417.897217358551	1000.5
FBgn0027588	1229	1183.4102837811	1566.25
FBgn0027594	659	161.247289918931	458.5
FBgn0027596	736	235.147986943634	626
FBgn0027603	885	335.797962587565	858
FBgn0027609	979	684.14734593329	1199
FBgn0027784	1132	1087.37737116141	1477.25
FBgn0027794	818	296.094181663373	750.5
FBgn0027948	1157	711.578731395226	1374.5
FBgn0028398	575	97.5352701293075	319.5
FBgn0027835	439	81.7930855202342	200
FBgn0028411	1061	685.832787722215	1276.75
FBgn0028418	692	329.595616815903	673
FBgn0028434	920	333.321987026186	895
FBgn0028467	1016	479.869480886232	1107.75
FBgn0028480	495	101.903352092718	269.75
FBgn0028500	1223	1280.37503491693	1573.75
FBgn0028525	1087	670.126659086019	1288.25
FBgn0028538	1130	650.405265779197	1318
FBgn0028539	1037	485.624300600429	1128.5
FBgn0028683	901	329.294714188249	864.75
FBgn0028554	492	113.677820139206	284.5
FBgn0028692	599	129.551756997441	377.25
FBgn0028572	582	126.184983500302	360
FBgn0028583	353	91.4756086955202	176.25
FBgn0028695	632	252.606007040708	548.25
FBgn0028741	914	376.995449827063	936
FBgn0028746	1176	826.144862842781	1445.75
FBgn0028396	70	25.7266530389168	31
FBgn0028833	1027	554.607916378003	1173.75
FBgn0028894	655	393.415675234292	709
FBgn0028888	486	105.364001360475	267.75
FBgn0028926	986	422.337488219769	1041
FBgn0029079	481	73.7322918011431	221
FBgn0028982	928	348.222418377713	914.75
FBgn0028997	784	230.519282301319	659
FBgn0029117	1076	497.348851036717	1174.25
FBgn0028855	525	412.200545577196	632.75
FBgn0029113	634	285.888058190811	585.25
FBgn0029503	682	220.653296225547	554.5
FBgn0029114	334	31.9892539491873	87.25
FBgn0029502	882	308.444224144882	831
FBgn0029504	967	455.296782300673	1050.5
FBgn0029512	458	152.368241727062	308.5
FBgn0029167	341	33.661793364978	93.75
FBgn0029529	773	234.597388913931	648.25
FBgn0029531	515	204.634478593481	414.25
FBgn0029594	1002	592.292305467898	1175.75
FBgn0029763	613	189.797366947539	461.5
FBgn0029800	614	148.631547509883	406
FBgn0029809	869	298.160564881551	803.75
FBgn0029686	661	208.413662235706	523.25
FBgn0029718	768	248.626783809718	663.25
FBgn0029870	695	263.301564095414	615.5
FBgn0029840	952	386.115916188334	978.75
FBgn0029854	699	405.231697505898	761.5
FBgn0029881	718	404.595459917749	778
FBgn0029882	530	206.583546966573	426.5
FBgn0029890	407	40.4859483948162	137.25
FBgn0029895	938	434.846168526506	1009.5
FBgn0030005	878	462.974465574396	965.75
FBgn0029971	936	305.497814828987	884.75
FBgn0030078	708	376.963636353079	744.5
FBgn0030082	906	421.98358314416	962.25
FBgn0030086	418	272.451961534834	428.5
FBgn0030108	1325	1339.52294988085	1625.75
FBgn0030122	832	391.085013352092	860.5
FBgn0030136	545	251.487884912672	486.75
FBgn0030137	685	228.668634782601	566.75
FBgn0030158	819	393.462439087907	852
FBgn0030189	834	454.052603809369	916
FBgn0030289	765	204.644687516974	608.5
FBgn0030103	166	22.5317556866256	34.5
FBgn0030294	908	500.690509630935	1022
FBgn0030317	312	33.7067903172775	83.5
FBgn0030326	782	257.886253553018	684.5
FBgn0030341	1063	496.92745581564	1161
FBgn0030300	424	83.1052688548677	196
FBgn0030350	1258	1001.0846890283	1547.75
FBgn0030351	1256	1129.90212334945	1574
FBgn0030366	1162	706.153447114783	1374.75
FBgn0030195	383	34.5518056390524	115
FBgn0030406	497	112.675432234528	285
FBgn0030409	966	412.552336056562	1012.5
FBgn0030480	434	133.507090954222	271.25
FBgn0030501	934	500.64271546996	1046.25
FBgn0030425	366	44.7335739348302	121.75
FBgn0030520	1221	910.992787559263	1502.75
FBgn0030555	835	279.213119555109	753.5
FBgn0030551	579	159.162325821571	398.5
FBgn0030559	1174	807.584885576381	1431.75
FBgn0030571	897	342.106657080197	874.5
FBgn0030588	327	44.4708948265989	103.25
FBgn0030610	1154	839.040829110749	1427.75
FBgn0030617	636	253.647695752935	555.5
FBgn0030642	899	366.592050890369	908.25
FBgn0030674	832	387.878812594368	858
FBgn0030662	735	319.146061754998	709.5
FBgn0030700	1074	489.270321107749	1165.25
FBgn0030715	596	145.951352537151	392
FBgn0030720	589	195.570393040889	455.25
FBgn0030735	1286	1073.90450415453	1579.25
FBgn0030739	1321	1148.13447779754	1604
FBgn0030743	1169	702.904709488538	1379.75
FBgn0030748	910	522.27022503927	1042.25
FBgn0030788	969	507.143929122672	1084.5
FBgn0030792	938	457.797237482029	1028
FBgn0030793	1108	883.699432004753	1403
FBgn0030801	1213	1125.01981181078	1546.5
FBgn0030802	1198	909.597897262139	1484.25
FBgn0030809	1345	1275.11234123543	1625
FBgn0030859	1299	1349.8008907334	1618.75
FBgn0030876	1006	571.415276019683	1165.75
FBgn0030884	954	402.487155240601	997
FBgn0030890	711	716.058954105896	967.75
FBgn0030899	1214	825.35735715026	1468.75
FBgn0030912	426	134.964936144592	269
FBgn0031011	444	73.4511146723389	194.5
FBgn0030943	609	146.25160845934	401
FBgn0031012	455	105.325144331246	247.5
FBgn0031016	792	193.819849000597	617
FBgn0031020	589	161.011381209253	409.25
FBgn0031022	1148	655.023926076006	1334.5
FBgn0031030	953	725.503448346193	1197.75
FBgn0031045	889	491.132177816715	989.75
FBgn0031049	1070	511.909727690414	1182.25
FBgn0031051	887	400.012108071173	925
FBgn0031059	787	393.7485406033	826
FBgn0031068	1139	843.568959114005	1417.75
FBgn0031069	425	67.6217739014598	179.5
FBgn0031080	919	632.198694548507	1119.75
FBgn0031094	1262	1123.27250973127	1575.5
FBgn0031126	860	335.691215503649	831
FBgn0031145	834	718.288518180152	1071.5
FBgn0031171	845	352.7116191375	835
FBgn0031176	987	765.45950385418	1248
FBgn0031189	1199	755.447386995991	1423.5
FBgn0031214	716	268.979517817547	642.75
FBgn0031216	891	302.117934848261	830.25
FBgn0031229	1116	756.778602497068	1356.5
FBgn0031228	415	30.521746680125	126.25
FBgn0031253	895	356.524033694259	890
FBgn0031250	513	182.436946776331	384
FBgn0031270	569	146.780698183645	376.25
FBgn0031277	356	83.6206516023923	165
FBgn0031286	1099	940.411141716277	1414
FBgn0031256	688	200.33515397766	534
FBgn0031292	667	236.116675678036	558.75
FBgn0031310	1081	619.318505687815	1261
FBgn0031351	1190	768.222905081582	1427.5
FBgn0031361	1138	777.162354231376	1389.5
FBgn0031374	1096	820.499175666348	1367
FBgn0031393	623	177.34853856407	450.5
FBgn0031317	461	193.342944635213	366.5
FBgn0031413	581	230.198748048725	490.75
FBgn0031426	826	264.77222275261	728
FBgn0031437	1185	922.074838440487	1482.5
FBgn0031452	1216	931.703759097156	1504.75
FBgn0031472	186	24.7352943280778	41.5
FBgn0031485	633	238.152218881175	534.75
FBgn0031505	506	85.4530159519525	255.75
FBgn0031560	668	343.315466298856	666.75
FBgn0031561	456	262.896337520497	442
FBgn0031564	729	206.926113875063	585.75
FBgn0031496	584	135.595878011682	376
FBgn0031603	834	297.174930622574	768
FBgn0031627	1004	611.34708976164	1186
FBgn0031600	504	95.9931849766107	268.25
FBgn0031646	1167	1099.72323993377	1509
FBgn0031650	1175	748.779526197762	1406.5
FBgn0031657	948	379.70018857508	971
FBgn0031663	1042	450.7598000924	1113.75
FBgn0031634	278	24.8864824703407	58.5
FBgn0031668	635	95.4047824040612	359
FBgn0031678	987	564.562961093406	1140
FBgn0031707	1075	541.359966717138	1208.25
FBgn0031694	261	20.817362419725	49.5
FBgn0031708	868	434.888563173916	933.75
FBgn0031710	1101	740.267496196574	1337.75
FBgn0031752	453	96.5664605545877	237
FBgn0031776	1051	800.63542833187	1321.75
FBgn0031777	1101	1044.90227836819	1440.25
FBgn0031772	688	134.908996387349	453
FBgn0031781	897	577.747710930066	1061.5
FBgn0031782	1050	946.256550850526	1375.25
FBgn0031805	844	451.796801034403	923
FBgn0031811	1020	547.790923395326	1162.5
FBgn0031813	823	474.401330354281	914.75
FBgn0031822	912	813.01378810503	1200.75
