gene	degree	betweenness	rank
FBgn0000276	5	0	45.75
FBgn0001281	52	318.717163025156	205.5
FBgn0002868	59	171.021027327964	191.5
FBgn0031886	76	441.573877027335	236
FBgn0031979	68	167.304649457086	199.75
FBgn0032057	31	534.637255562284	200.5
FBgn0032789	45	111.38800022034	163
FBgn0032805	36	1229.15831074773	224.25
FBgn0032483	62	489.268129320663	226.5
FBgn0033340	64	856.68871723458	248
FBgn0033190	57	633.791577688671	233.5
FBgn0033341	68	521.027732293582	235.75
FBgn0002526	9	395.065767523378	154.75
FBgn0002948	27	1036.8371516741	211.5
FBgn0033357	67	170.47729852108	199
FBgn0001086	1	0	15.75
FBgn0033429	64	578.170956194421	239.5
FBgn0033501	14	235.484961796785	144.75
FBgn0033549	43	74.8499427164515	151.5
FBgn0000277	6	1548	173.75
FBgn0032602	18	12.81546798435	102.25
FBgn0033736	56	632.024746933164	232.5
FBgn0033481	42	572.522427035586	214.5
FBgn0034245	45	105.461065739929	159.5
FBgn0001233	1	0	15.75
FBgn0034301	55	177.477964087189	188.5
FBgn0033440	2	263	102
FBgn0034440	5	278.82031334254	126.75
FBgn0033687	50	298.459809908028	200
FBgn0033936	24	218.809583118706	159.75
FBgn0034614	63	2720.52764115524	257.25
FBgn0034442	40	496.638220100057	205.75
FBgn0034646	58	842.830076346062	239.5
FBgn0000351	12	66.3643234009278	106.25
FBgn0034800	78	1068.32433994627	262
FBgn0034924	43	428.922539366712	205
FBgn0034928	73	414.909052596523	232.25
FBgn0034565	8	119.527463161233	110.5
FBgn0035572	3	20.6499890479932	59.5
FBgn0034010	12	34.988515603794	100.75
FBgn0035031	82	508.845445137815	241.5
FBgn0033271	4	263.75	117.75
FBgn0036236	29	1342.94585828321	219
FBgn0033367	4	0	38.75
FBgn0036567	64	626.149935461059	241
FBgn0034957	7	14.2192491572558	81
FBgn0036615	19	924.370101529612	197.25
FBgn0036629	72	383.061704321127	227.75
FBgn0036667	52	163.499887980533	183.5
FBgn0036751	45	257.562944625973	187.5
FBgn0036390	9	9.71387869497582	84.25
FBgn0034687	6	4.84859091449781	67.25
FBgn0035952	17	386.510876138664	169
FBgn0036979	46	647.817280110614	224.75
FBgn0036587	6	0.5	61.25
FBgn0037042	28	257.610904733718	170.5
FBgn0037222	21	76.5297798259615	125.5
FBgn0037970	43	612.985951733951	217.5
FBgn0038148	49	201.356176555087	184.5
FBgn0034330	5	433.027171029181	140.25
FBgn0034785	5	13.4025089241771	69.25
FBgn0036925	22	34.7028624082942	118.75
FBgn0037115	30	108.751391456187	145.5
FBgn0032505	7	855.24856262756	169.5
FBgn0036168	3	263	108.75
FBgn0037464	22	39.1180036660682	120.25
FBgn0037836	7	1.03333333333333	67
FBgn0003356	1	0	15.75
FBgn0038589	11	2086.6497443677	191.25
FBgn0003189	3	0	31.5
FBgn0038448	37	123.861683442361	155
FBgn0039218	77	353.486691993672	228.75
FBgn0039563	46	638.747747893926	223.75
FBgn0039687	67	373.455063427694	224
FBgn0035949	4	9.91251061214824	60.75
FBgn0038977	37	349.911025427763	190
FBgn0039809	17	33.502701254949	109
FBgn0035496	4	20.1012921012531	66.25
FBgn0040104	12	1.37867082700755	81.25
FBgn0033836	5	1801	170.25
FBgn0040575	48	371.937639276111	204.75
FBgn0034475	4	2.11619118278287	53.25
FBgn0040751	84	954.794742423767	260.5
FBgn0040775	27	242.911912878434	165.5
FBgn0040786	31	109.708211137191	147.5
FBgn0040899	83	522.422749837669	243.5
FBgn0040907	62	109.655229496446	178.5
FBgn0040923	19	163.800763544311	144.25
FBgn0040733	3	23.6577924884386	60.5
FBgn0040551	22	67.4523357088018	125.25
FBgn0039611	8	25.3228187102603	90
FBgn0050461	28	317.397902551273	177.75
FBgn0039848	8	267.782102649685	140.5
FBgn0040345	19	93.9593163301396	124.25
FBgn0050462	28	317.397902551273	177.75
FBgn0037122	13	745.945786169357	183.25
FBgn0000092	1	0	15.75
FBgn0051065	60	575.103876886696	233
FBgn0039504	12	42.5522281780305	102.75
FBgn0051202	23	1296.37285406666	211.5
FBgn0034454	3	524	132
FBgn0034741	1	0	15.75
FBgn0003046	3	145.763673682077	90.5
FBgn0038958	4	124.888542592629	90.75
FBgn0040931	62	338.34269536208	214.5
FBgn0003137	7	142.185204988	113.25
FBgn0052238	7	73.2979793015049	95
FBgn0052069	72	326.996507880302	222.25
FBgn0052551	14	53.0170925943888	110.25
FBgn0053169	74	347.419657572499	225.5
FBgn0040734	7	617.252661935992	162.5
FBgn0050485	20	524.271155340407	184
FBgn0051779	5	382.369960949645	135.25
FBgn0054005	14	102.546294153941	119.25
FBgn0053774	61	134.914817507781	182.5
FBgn0042131	16	144.639539370893	135
FBgn0051219	22	237.828544982923	158.75
FBgn0052368	5	390.885778088733	137.25
FBgn0052726	33	262.210687108274	175.75
FBgn0035415	1	0	15.75
FBgn0066084	63	104.208619784868	177.75
FBgn0069923	39	365.014999704034	193.5
FBgn0040333	7	4.9890126978932	72.5
FBgn0085209	74	864.305668190088	255
FBgn0083983	13	996.562669527576	189.25
FBgn0085212	23	99.3886141861916	134
FBgn0039769	2	16.3746253949952	50.75
FBgn0051084	1	0	15.75
FBgn0085229	19	3.35869627855592	96.75
FBgn0085236	73	746.982070925487	250.75
FBgn0085279	40	372.61794472859	196.25
FBgn0054025	10	81.7835592423145	107
FBgn0085468	62	218.947528035764	199
FBgn0085736	43	102.012067727965	156
FBgn0085243	12	79.9442307864735	110.25
FBgn0085766	34	49.4847311825845	136.5
FBgn0085772	12	6.50133559730521	87.75
FBgn0054008	39	99.160118133928	150
FBgn0260932	52	148.218790665073	182
FBgn0261016	71	496.461782291129	234.5
FBgn0086068	36	138.143464346182	158.75
FBgn0085826	15	3.56535213130606	91.25
FBgn0041581	6	131	104.5
FBgn0262565	40	317.489347033634	190.75
FBgn0262567	55	140.104011465129	180.5
FBgn0061198	35	74.6098774945673	141.75
FBgn0261111	48	148.013277687137	176.75
FBgn0085201	2	263	102
FBgn0262574	50	249.415414007107	191
FBgn0262881	5	0	45.75
FBgn0262359	14	8.53510774614384	94.25
FBgn0011227	27	534.560292218326	195.5
FBgn0085475	15	139.408496417176	131.75
FBgn0263025	23	266.485803088032	169.5
FBgn0262001	13	156.437961010032	133.25
FBgn0013689	19	1178.4259999006	202.25
FBgn0013697	51	561.757310028001	223.5
FBgn0013701	1	0	15.75
FBgn0085358	3	2.01480829217819	45.5
FBgn0036563	2	0	24.75
FBgn0053109	5	25.0564884518299	75.25
FBgn0085241	4	105.514780856671	85.75
FBgn0261266	16	1.27436053713987	88.5
FBgn0013700	3	0	31.5
FBgn0264297	21	249.582635997981	158
FBgn0264298	21	249.582635997981	158
FBgn0262880	43	179.440148733788	176.5
FBgn0263838	22	10.5616830756917	109.75
FBgn0013704	35	548.704015003755	204.75
FBgn0263744	11	1053.53957639393	185.25
FBgn0264360	74	517.288509085139	239
FBgn0085334	7	6.97108752649774	75
FBgn0039051	4	189.17257133045	105.25
FBgn0085452	4	5.68454548027563	56.5
FBgn0013681	54	385.343096388794	213
FBgn0264299	21	249.582635997981	158
FBgn0264721	51	971.057719903452	237
FBgn0265084	55	569.364899324575	227.5
FBgn0265362	77	808.889843093467	254.75
FBgn0052602	1	0	15.75
FBgn0262815	5	0.25	55.75
FBgn0263762	4	137.388190672434	93.75
FBgn0264991	7	352.190314773181	142
FBgn0265342	31	26.6747982119791	128.5
FBgn0265536	58	163.773912628382	188.5
FBgn0044048	1	0	15.75
FBgn0266802	58	92.2007813762876	168.5
FBgn0082999	2	0	24.75
FBgn0265201	39	481.013151428136	202.5
FBgn0267026	47	107.515017451922	163.5
FBgn0263206	3	5.78726759268967	50
FBgn0267118	38	413.7034868697	198
FBgn0267496	37	50.9468671600072	140
FBgn0267499	32	45.0401104297273	133.75
FBgn0267500	27	14.1884627607387	118.25
FBgn0267502	22	72.3850248873783	125.75
FBgn0267503	27	14.1884627607387	118.25
FBgn0040972	4	137.405852503374	94.25
FBgn0267866	3	125.92748082996	84
FBgn0267512	33	201.537356996082	167.75
FBgn0265800	3	263	108.75
FBgn0267126	40	203.286388464643	176.25
FBgn0015521	51	147.465225596061	179.5
FBgn0264997	10	1.38789682539683	78
FBgn0016726	67	317.650678504318	218.5
FBgn0016970	47	105.832157070313	163
FBgn0085319	4	35.2910584981528	71.25
FBgn0022224	32	18.6523108762768	125.75
FBgn0023170	41	54.0254132208561	146
FBgn0026741	63	203.032039393278	199.75
FBgn0262569	2	0	24.75
FBgn0012042	5	0	45.75
FBgn0038930	1	0	15.75
FBgn0260475	5	766.050689388286	158.25
FBgn0266615	8	47.8063362807685	95
FBgn0023096	9	1670.33313701879	186.25
FBgn0020506	21	72.714808470238	123.5
FBgn0026879	63	128.957563182142	184.75
FBgn0027513	24	182.115280434616	156.75
FBgn0030108	90	569.793149419549	249.5
FBgn0030326	9	0.205288859855968	72.25
FBgn0030351	50	222.897409852799	188.5
FBgn0030739	86	475.485453681545	240.5
FBgn0053530	1	0	15.75
FBgn0030005	12	124.3033327952	120.25
FBgn0030859	62	641.275111027968	239.5
FBgn0264835	3	1.89883997442821	45
FBgn0266455	9	1713.80637979707	186.75
FBgn0265046	3	263	108.75
FBgn0085276	2	41.2861426940309	58.25
FBgn0265982	4	525	140.25
FBgn0028855	5	867.076504316742	161.25
FBgn0029882	6	1050.18550192177	169.25
FBgn0031560	9	3872.47197430457	188.75
FBgn0030501	25	22.272907371445	120
FBgn0030899	47	736.059425473612	226.5
FBgn0034335	1	0	15.75
FBgn0036467	1	0	15.75
FBgn0039104	1	0	15.75
FBgn0003357	1	0	15.75
FBgn0051076	2	0	24.75
FBgn0051909	2	8.33866347987452	44.75
FBgn0053965	1	0	15.75
FBgn0085237	1	0	15.75
FBgn0085320	1	0	15.75
FBgn0262858	19	94.7985976883263	124.75
FBgn0013705	2	263	102
FBgn0263083	1	0	15.75
FBgn0265053	4	5.68454548027563	56.5
FBgn0266049	7	13.8915745393763	79.5
FBgn0266350	1	0	15.75
FBgn0266966	7	266.182239219513	135
FBgn0267030	13	149.048452769729	132.75
FBgn0267185	17	635.36216844228	187
FBgn0267867	2	0	24.75
FBgn0267910	7	0.874261488050712	66.5
FBgn0270925	1	0	15.75
FBgn0027259	10	1147.57824214746	185.5
FBgn0028396	6	131	104.5
FBgn0028583	2	0	24.75
FBgn0029167	7	142.185204988	113.25
FBgn0030078	3	0	31.5
FBgn0030551	5	3.28064426803944	60.75
FBgn0031045	16	463.629598225769	172
FBgn0031176	12	403.657983916674	161.25
FBgn0031277	1	0	15.75
FBgn0031426	3	9.50826940112351	52.5
FBgn0031472	1	0	15.75
FBgn0031561	8	1091.74984601964	180
FBgn0031678	26	19.0852103142871	119
FBgn0031707	18	227.285995755735	149.75
