gene	degree	betweenness	rank
FBgn0000003	67	67.703530416491	180.5
FBgn0000247	161	338.774903460338	545.25
FBgn0000286	145	260.35737065834	477.25
FBgn0000499	145	1917.47299769546	742.75
FBgn0000075	91	2063.18782100557	647.75
FBgn0000182	277	62.9531308819265	474.5
FBgn0002862	309	163.545026016914	621
FBgn0002023	69	1783.20987844813	603
FBgn0001281	165	4329.99717625217	808.75
FBgn0002948	32	427.575428228729	363.25
FBgn0001263	20	49.29023002894	83.75
FBgn0002579	52	25.7134163908618	100
FBgn0002865	339	93.6994911204889	580.5
FBgn0002868	139	300.899396819468	486.75
FBgn0002869	148	328.517554625712	517.75
FBgn0003044	174	1255.99802234867	749.25
FBgn0031886	224	1741.93868575321	845.75
FBgn0002962	92	3191.05386928165	668.25
FBgn0031894	23	1360.74023263525	507.75
FBgn0031979	155	240.403196873142	484.5
FBgn0031972	57	924.720332451695	503.5
FBgn0031914	162	367.302399750734	557.25
FBgn0031980	96	109.880749256005	272.5
FBgn0031878	309	134.051411322709	595.5
FBgn0032039	220	325.637535772262	615
FBgn0032061	338	100.077202667659	586.25
FBgn0032065	423	741.917041223738	944.5
FBgn0032034	104	250.800432934593	398.25
FBgn0031999	20	54.0295628713547	87.75
FBgn0032163	43	222.610788643943	284.25
FBgn0032072	309	616.504043487428	809.5
FBgn0032090	307	1098.31037332032	879
FBgn0031947	210	3359.2595122728	861.5
FBgn0032057	107	403.010608105554	471.5
FBgn0032219	159	75.7388198867505	346.75
FBgn0032269	336	217.092625702874	685.5
FBgn0032202	103	338.584269030947	443.75
FBgn0032247	22	25.2597264508381	60.5
FBgn0032281	172	759.909885914647	684.75
FBgn0032336	72	448.643614268081	430.75
FBgn0032348	137	1450.91694274274	700.25
FBgn0032360	339	91.4728324508291	578
FBgn0032312	241	296.524103470157	625.5
FBgn0032370	315	1101.12183739638	893.5
FBgn0032374	251	520.661651897891	720
FBgn0032341	101	1337.00509201635	629.75
FBgn0032284	60	384.910479993025	383.5
FBgn0032385	232	1255.31471583944	821.75
FBgn0031909	97	260.812031258288	385.5
FBgn0002924	16	77.5103212952802	109
FBgn0032424	387	443.024619880863	840.75
FBgn0032457	421	316.679607470455	814
FBgn0032464	430	1128.6782756626	1000.25
FBgn0032391	120	941.794629944219	621.5
FBgn0032471	326	364.680890514079	750
FBgn0032520	314	229.247917415876	669.25
FBgn0032519	304	436.483392895274	748.5
FBgn0032554	228	215.963802143799	572.25
FBgn0032563	319	259.588877829004	687.5
FBgn0032553	286	2137.11058382301	923.75
FBgn0032588	358	277.586649241184	741
FBgn0032590	372	188.703907643041	705.75
FBgn0032626	355	791.471964138393	896.75
FBgn0032446	105	283.569400091468	419
FBgn0032530	140	552.054347801694	586
FBgn0032632	262	134.933435370149	545
FBgn0032637	280	548.84097465206	760.25
FBgn0032650	384	582.540500543549	881
FBgn0032602	44	426.55841398745	374.25
FBgn0032483	225	4023.19342500325	890.25
FBgn0032648	123	1165.96281191557	654.5
FBgn0032664	190	575.636712979301	667.75
FBgn0032733	248	2222.2115958578	887.25
FBgn0032805	111	215.098965900843	395
FBgn0032869	390	191.906008535374	730.5
FBgn0032871	154	796.586558291184	660.75
FBgn0032878	325	127.934919463444	608.5
FBgn0032969	337	679.60806695551	855
FBgn0032634	57	57.8318794671438	147
FBgn0032881	71	224.367015971345	331.25
FBgn0000279	9	0.558774677810167	13
FBgn0001086	15	21.3605161970733	41
FBgn0032684	59	25.8368239863916	114.25
FBgn0032840	165	3572.49015128448	801.25
FBgn0033133	25	93.5980804459864	146
FBgn0033047	113	302.450366789886	442.25
FBgn0033160	105	1002.83902920933	601.5
FBgn0033085	105	408.292819172919	470.5
FBgn0033190	285	5140.51253220603	956.75
FBgn0032971	256	2881.370810596	903.75
FBgn0033203	207	467.27558598527	655.75
FBgn0033056	237	345.003844400629	648.75
FBgn0033063	52	1070.05845808578	512
FBgn0033248	208	116.677687789701	465
FBgn0033279	371	162.491204941963	685.25
FBgn0033285	389	368.22033740974	816.75
FBgn0033286	373	241.243682903932	734.75
FBgn0033287	354	120.624836628393	629.75
FBgn0033322	440	998.758965574649	985
FBgn0033250	223	5872.0951375948	896
FBgn0032455	56	199.07748092373	288.25
FBgn0033340	180	1435.41860517018	771.25
FBgn0032444	19	109.173816917613	149
FBgn0033244	120	3177.65639559494	722.5
FBgn0033339	97	1171.76699155491	603
FBgn0033341	123	353.351460345732	489
FBgn0033357	259	1447.73591599553	862.25
FBgn0033426	205	4432.49371757395	865.75
FBgn0033330	332	185.605771893147	663.5
FBgn0033371	229	95.5171417730625	467
FBgn0032086	27	285.933650428972	294.5
FBgn0031925	19	5.13119245268943	29
FBgn0032414	29	57.0059556069674	110
FBgn0033490	137	149.864475993011	397.75
FBgn0033429	194	3921.06590455563	849.5
FBgn0033451	60	42.9709864228965	137
FBgn0033687	104	1084.58530490994	608.75
FBgn0033705	171	536.667385865332	630
FBgn0033195	69	219.776239250614	325.5
FBgn0033512	336	121.153576557136	609.75
FBgn0033794	185	21.0322812682478	319
FBgn0033706	169	71.6022320355375	358.25
FBgn0033860	379	1607.02812821434	1002.25
FBgn0033862	266	60.5776242087004	460.25
FBgn0033861	303	436.726786290998	748
FBgn0033863	330	121.564692524778	606
FBgn0033864	323	244.013577447356	686.25
FBgn0033868	348	160.794396310707	666.5
FBgn0033696	15	18.557965221725	37
FBgn0033888	330	140.318033619019	628
FBgn0033952	243	396.775904790671	667.5
FBgn0033953	254	41.7326742995048	425.25
FBgn0033954	236	23.0831687913707	388.75
FBgn0033691	94	92.7834967556462	250
FBgn0033932	185	2532.74535141395	817.5
FBgn0033936	12	6.06191822975894	22
FBgn0033969	405	278.912261957015	784.5
FBgn0034082	206	48.9268106228794	381.25
FBgn0033680	68	23.6521119510611	128.75
FBgn0034104	359	575.198430003716	855.5
FBgn0034105	376	438.903794591796	825.5
FBgn0034122	308	421.125367128773	744.25
FBgn0034127	391	881.689841502863	944.5
FBgn0034129	302	731.827916804641	824.75
FBgn0034132	366	131.320125324241	651.25
FBgn0034133	142	340.395348078039	518
FBgn0034144	369	170.058746222565	690
FBgn0033593	44	81.2203215879599	156.75
FBgn0033929	77	1836.4456044449	618
FBgn0033480	149	528.589133781842	594.75
FBgn0034245	215	700.43281227159	727.75
FBgn0034173	260	78.4672146914933	476.25
FBgn0034050	24	157.079589871601	215.75
FBgn0034046	141	239.296696148994	460.5
FBgn0034242	98	761.496773299684	554.25
FBgn0034248	68	140.047752970816	266.25
FBgn0034360	140	796.621630401607	637
FBgn0034330	118	157.879384219689	371
FBgn0034010	25	361.896987871407	329.5
FBgn0034263	231	810.707632927031	766.75
FBgn0034459	378	335.836792291245	788.75
FBgn0034461	259	881.270849951488	801.75
FBgn0034467	274	57.9859740929895	464
FBgn0034472	351	120.428847652123	627.25
FBgn0034477	308	748.306325761719	836.25
FBgn0034205	68	134.467837878919	261.75
FBgn0034505	145	184.311161266273	438.75
FBgn0034483	342	1138.51509870314	924.75
FBgn0034442	195	1311.85951113902	781.5
FBgn0034443	120	165.401264546959	381.5
FBgn0034454	117	313.85358489802	455
FBgn0034614	243	1120.33161868677	819.5
FBgn0034645	118	175.232218069982	384
FBgn0034646	221	2294.90263346293	860
FBgn0034742	109	930.387663146849	598.25
FBgn0034785	88	932.809158393187	556.5
FBgn0034560	310	587.206023179301	804.5
FBgn0034601	312	111.332776864978	569.75
FBgn0034816	444	631.769362104734	928
FBgn0034824	334	144.15773624303	635.75
FBgn0034826	329	374.416221598707	755.5
FBgn0034827	265	187.135567137851	589
FBgn0034835	188	73.2834102031102	385.5
FBgn0034840	297	72.3514946190276	505
FBgn0034842	413	460.734507979771	866.5
FBgn0033724	23	1241.59926783596	494.25
FBgn0034745	226	2612.42092800961	872.75
FBgn0034844	297	64.8359825401463	496.5
FBgn0034882	293	64.4495264488806	492
FBgn0034854	105	509.519616091658	509.5
FBgn0034928	243	2103.53011201416	881
FBgn0034957	145	2546.06751563467	759.75
FBgn0034907	363	124.667905844148	645
FBgn0034841	205	272.966150029964	567.25
FBgn0035005	315	87.6333672228135	546.5
FBgn0034846	160	403.581981193573	562.75
FBgn0035007	439	1667.51744961947	1046.5
FBgn0034976	134	457.167476305231	540
FBgn0034800	125	4738.15715751555	747.75
FBgn0035010	204	3425.1952257045	852
FBgn0033548	43	34.160050734484	101.25
FBgn0035031	212	1498.52809578736	818.5
FBgn0034314	7	2.02628897839656	13
FBgn0032283	7	1.51758194541928	12
FBgn0035008	343	1769.69497421626	973
FBgn0035050	193	4147.05655040762	849.25
FBgn0035069	139	1274.57371168358	691.25
FBgn0035196	212	25.7844446218785	363.5
FBgn0035197	318	77.7539218413369	538.75
FBgn0035049	91	141.885037487458	306.75
FBgn0035034	70	25.6947659831082	135
FBgn0035161	405	1583.64146747739	1025
FBgn0033342	19	106.247773802229	144.5
FBgn0034902	106	126.826659898344	321.5
FBgn0035263	110	864.485770007045	591.5
FBgn0035273	265	4372.78208929529	930
FBgn0035082	62	148.487061540119	267.75
FBgn0035162	141	1151.25732295425	685.5
FBgn0035335	98	546.150284795877	505.25
FBgn0035198	318	77.7539218413369	538.75
FBgn0035253	109	282.776769547587	424.25
FBgn0035423	220	574.64916666388	704.5
FBgn0035316	180	910.468697387746	714.25
FBgn0035455	220	265.761062322506	583.5
FBgn0035518	174	3041.99985822691	812.75
FBgn0035567	275	100.074565374777	512.75
FBgn0035568	402	743.462658114968	931
FBgn0035298	90	102.256454957312	253
FBgn0035581	244	6437.99953571426	920.75
FBgn0035409	12	24.1725425409251	43
FBgn0035496	12	38.6900848191124	61.5
FBgn0035517	126	117.025178623293	342.5
FBgn0035271	86	1965.85067319776	631.75
FBgn0035598	274	466.769400268962	725.5
FBgn0035380	92	28.8382606703426	174.25
FBgn0035638	182	1113.15395460925	743.75
FBgn0035657	195	45.7872352121742	367
FBgn0035709	305	308.482028188548	697.5
FBgn0035776	239	158.802029818004	546.5
FBgn0035786	419	1054.50835539478	982.75
FBgn0035356	117	258.92513645836	424.5
FBgn0035727	154	937.530431899622	679.25
FBgn0035823	283	41.5850898617806	454.5
FBgn0035800	233	1515.08897795353	845.75
FBgn0035915	361	143.108853853291	664.25
FBgn0035617	146	1086.1542342106	687.25
FBgn0035640	121	915.219530286497	619.75
FBgn0035906	273	2585.53060994317	914.75
FBgn0035782	178	140.328365221089	456.25
FBgn0035924	399	306.577726229849	795
FBgn0035952	138	1973.584382827	728
FBgn0035971	414	687.01011057567	927.75
FBgn0035988	414	307.018313330063	805.75
FBgn0035918	47	156.0838039715	244
FBgn0035965	122	175.684593973413	392.5
FBgn0035977	127	576.314521817814	570
FBgn0036117	246	1032.52590781101	809.75
FBgn0036014	322	968.780122768361	881.25
FBgn0034470	40	68.9259580362229	139.75
FBgn0033853	20	1515.77492397723	513.25
FBgn0036125	317	227.293792595615	672.5
FBgn0036160	256	208.0286086141	592.25
FBgn0036085	41	6.42523870626017	66
FBgn0036161	283	202.86429422394	619
FBgn0036214	141	218.718238349155	451.5
FBgn0036221	140	88.7613967494543	331.5
FBgn0035059	22	55.6803777502429	95.5
FBgn0036152	25	1037.0115788282	476
FBgn0036217	160	91.3881954765422	366.75
FBgn0036162	264	1617.80952916902	879.25
FBgn0036222	235	545.754975979086	716.25
FBgn0036246	179	873.324984701727	708
FBgn0036311	284	50.7540074159366	466.75
FBgn0036328	411	412.583280245904	843.75
FBgn0036236	76	567.884965263809	477
FBgn0036133	52	448.687164651811	392
FBgn0036325	114	478.699442314435	513.25
FBgn0036329	432	1213.30625686556	1009.75
FBgn0036346	278	3952.87006342376	941.75
FBgn0036426	260	420.999906771504	693.25
FBgn0036441	184	343.267066708299	581.25
FBgn0036482	236	876.596325839865	780.75
FBgn0036438	344	125.360468975221	628.5
FBgn0036490	276	2313.56186016601	913.75
FBgn0036342	39	86.8591573411084	156
FBgn0036168	19	22.7642293264991	49
FBgn0036567	31	38.466092309907	91.5
FBgn0036463	87	294.095958939591	385.25
FBgn0036118	223	1099.53036532426	794.5
FBgn0036571	84	142.110932870635	294.5
FBgn0036615	68	122.218558248208	246.75
FBgn0036629	100	1098.61683234976	602.5
FBgn0036497	361	1708.01450802718	989.75
FBgn0036627	107	283.912205432247	422.5
FBgn0036784	403	503.531957132118	874.25
FBgn0036667	191	1903.14373627976	808.5
FBgn0036785	315	273.792836781269	691
FBgn0036734	136	1620.71664341265	711.5
FBgn0036751	170	3579.66067882031	811.25
FBgn0036877	116	664.769989011413	567
FBgn0036925	175	5593.09977247665	835.75
FBgn0036905	196	16.9559325189066	330.5
FBgn0036624	62	216.945893289876	311.25
FBgn0036900	115	122.692033862357	327
FBgn0036875	115	101.511314464034	298.5
FBgn0036706	139	52.8426033392995	285.75
FBgn0036931	194	3613.41938090921	845.5
FBgn0037037	279	124.52775339635	552
FBgn0033834	19	1554.2992480595	512.5
FBgn0035636	23	107.054107707686	156.75
FBgn0036958	83	274.167186808821	371.5
FBgn0036979	56	93.2101239687627	184.75
FBgn0036895	277	109.501608433646	526.25
FBgn0036941	123	54.328823603027	261.5
FBgn0037147	271	74.9427824631234	479
FBgn0037101	253	277.55178014435	625
FBgn0037106	141	2350.56752890359	749
FBgn0036980	189	3435.4121134242	834.5
FBgn0037182	88	295.923454927792	388.5
FBgn0037040	220	58.1899998022541	411.5
FBgn0037170	385	967.613260868232	945.5
FBgn0037122	98	611.762993430691	522.25
FBgn0037115	85	1452.81839033096	605.5
FBgn0037222	168	416.385899617564	579
FBgn0037195	351	594.937590728039	855.25
FBgn0037172	174	110.22818038621	413.75
FBgn0037388	382	435.068195780694	829.75
FBgn0037454	248	45.4952734402217	426.75
FBgn0037455	169	424.670351996485	586.25
FBgn0037336	209	601.910795647811	699
FBgn0037463	266	60.7757658260237	461.25
FBgn0037486	328	372.765045089085	753.25
FBgn0037466	100	132.637448195077	313.5
FBgn0037464	151	218.947186699972	469.25
FBgn0037506	161	28.8881416118345	296.75
FBgn0037502	272	1185.03062962721	848.75
FBgn0037759	239	88.8526648124219	468.5
FBgn0037826	409	1212.03997853881	995.25
FBgn0037320	42	66.9536297460029	140.25
FBgn0037398	31	9.18234505471297	57.5
FBgn0037462	68	1522.03989240931	589.25
FBgn0037301	74	329.089639820263	387
FBgn0037829	191	298.810862969398	566
FBgn0037828	369	669.33552809487	884.5
FBgn0037860	209	147.478670808652	502
FBgn0037862	419	499.053757866113	883.25
FBgn0037855	150	292.232047512811	503.5
FBgn0037185	65	330.319067324367	372.25
FBgn0037931	87	167.990800744656	316.75
FBgn0037915	244	424.412767088511	682.25
FBgn0037985	368	251.061288442998	732.75
FBgn0037986	193	80.7685706525834	402.25
FBgn0037988	283	45.7752131164968	461.5
FBgn0037994	384	1884.38262564874	1017.5
FBgn0037252	130	542.83177317636	563.75
FBgn0037944	73	760.917441155969	515.5
FBgn0037602	138	916.316228335252	645.5
FBgn0038016	165	549.907071869453	623.75
FBgn0037933	17	1352.75915038714	494.25
FBgn0037962	116	481.870267051714	518.5
FBgn0037995	286	52.1905376145793	470.75
FBgn0038000	241	317.21197482994	637
FBgn0038045	158	692.1800955342	647.25
FBgn0038144	243	1852.48069597427	870.5
FBgn0038123	415	7436.11238901033	1091.5
FBgn0034329	4	0.13517618387819	7.5
FBgn0038163	268	99.8660691826715	505
FBgn0038200	446	459.748155195008	879.5
FBgn0038208	308	95.6618797026797	545.75
FBgn0038078	103	1479.54508777118	645.25
FBgn0038209	388	335.139901082031	800.25
FBgn0038194	37	300.653657074116	314.25
FBgn0037534	56	82.8445900811539	174.25
FBgn0037970	63	829.036509471572	506.5
FBgn0038210	235	675.803413405041	747.25
FBgn0038266	100	43.9155853045279	208
FBgn0038280	215	210.769496577698	551.25
FBgn0038225	272	105.455554718795	513.25
FBgn0038281	343	122.775068471571	621.5
FBgn0038355	408	562.343973151236	896
FBgn0038196	129	106.27781010011	330.5
FBgn0038244	82	2018.08230588791	629.25
FBgn0038373	281	413.229842652785	711.75
FBgn0038359	345	587.527588596482	846
FBgn0038377	172	553.785173357307	639.25
FBgn0038148	214	1456.79227948409	817.75
FBgn0038258	93	650.214740301978	521
FBgn0038423	450	537.37296145874	907
FBgn0038486	392	1265.21312056882	991.5
FBgn0038539	277	312.154693647273	666.75
FBgn0038363	128	122.689824424457	352.25
FBgn0038589	168	225.043890896851	496.5
FBgn0035923	25	144.602231427795	209
FBgn0038567	77	52.1813764448098	176.5
FBgn0038630	345	140.155700622498	644.5
FBgn0038690	179	862.975845714489	706
FBgn0038607	133	982.769677640589	645.5
FBgn0038694	280	60.2830927000348	474.75
FBgn0038697	282	238.721836425574	634.5
FBgn0038706	382	187.735907578601	714.25
FBgn0038708	375	221.455717133827	727.5
FBgn0037632	21	88.6594523475439	131.75
FBgn0038454	104	535.084096895335	514.75
FBgn0038448	169	2971.81955246072	800.75
FBgn0038709	352	195.521712619188	696
FBgn0038850	115	251.330899608368	416.5
FBgn0038916	99	95.0964101637997	263.5
FBgn0038829	33	202.964184080244	262
FBgn0038915	199	298.247478233457	576.25
FBgn0038685	181	522.16082665206	639.75
FBgn0038909	178	4221.26323246383	830.75
FBgn0039010	257	147.973287297945	553.5
FBgn0039070	382	809.105114438461	921.25
FBgn0039071	319	90.8211809729538	556
FBgn0039083	225	674.771701552775	735.25
FBgn0039088	432	1055.90275583882	991.75
FBgn0038590	119	115.697636293343	328.5
FBgn0039111	39	65.1220974196886	133
FBgn0039104	350	125.022998895698	635.5
FBgn0039190	347	122.708679474369	629.5
FBgn0038737	56	118.832414546199	215.75
FBgn0039145	209	573.715953734457	691
FBgn0039218	217	1258.12680066105	803
FBgn0039192	306	191.329897984268	637.5
FBgn0038366	103	108.117064241131	285.25
FBgn0038547	61	35.3589842514285	132.5
FBgn0038979	152	55.4660480208288	313.75
FBgn0039246	240	882.435201238556	786.5
FBgn0039366	423	666.444775920435	930.25
FBgn0039367	423	666.444775920435	930.25
FBgn0039368	342	1076.5949946618	915.75
FBgn0039369	405	1009.1352016869	971
FBgn0039373	310	93.6041506252901	546.5
FBgn0039395	273	478.500962524236	726.75
FBgn0039300	58	22.5163055972759	106.25
FBgn0039028	9	0.0508806592809379	12
FBgn0038917	88	116.484374757419	267.5
FBgn0003082	97	732.454722779521	544
FBgn0003256	179	701.820562448067	682
FBgn0003321	136	659.609225255976	600
FBgn0038950	31	452.595805719005	369
FBgn0003598	126	1198.55958404116	662
FBgn0039219	38	1143.0697739331	506.75
FBgn0039398	222	19.2879188381737	365.75
FBgn0003187	393	401.485780757376	828.75
FBgn0003889	275	110.217466683453	524.75
FBgn0039374	191	26.7335971899662	338.25
FBgn0039425	229	274.153098119077	603
FBgn0004171	411	306.963316961029	803.25
FBgn0004172	393	984.708262541452	960.25
FBgn0004173	310	2264.16209563941	952
FBgn0004174	395	1426.38409291631	1007.25
FBgn0003475	214	1422.92915219816	813.75
FBgn0003612	104	267.858096251653	405.75
FBgn0004378	220	692.635719217572	732
FBgn0004903	110	962.006500780977	604
FBgn0005672	139	432.74758433262	541.25
FBgn0004919	124	2690.47812915232	724.75
FBgn0004052	220	3488.62110809343	875.5
FBgn0004175	362	132.419759927896	652
FBgn0005771	119	187.87221611106	394.5
FBgn0039504	120	1382.88985133606	670.5
FBgn0039518	303	470.779036853965	761
FBgn0039694	343	490.314583194412	810.5
FBgn0039707	419	377.22543579879	839.25
FBgn0039792	409	410.367863236006	841.25
FBgn0039797	457	1225.43961688189	1015.75
FBgn0003257	52	130.795407698482	224.5
FBgn0039594	98	516.651708720219	492.75
FBgn0039687	225	705.146726103578	741.75
FBgn0040007	202	706.780286732177	711
FBgn0039769	51	138.234699333211	230
FBgn0040068	280	3521.34135257043	937.75
FBgn0040371	298	59.0882203471191	492.25
FBgn0040508	218	73.8658722409031	426
FBgn0040510	350	169.427925485904	674
FBgn0004629	74	61.7923891271099	186
FBgn0004959	63	106.960024790607	218
FBgn0040519	314	102.415415866809	562.25
FBgn0003676	48	211.842116532453	280.25
FBgn0040070	74	45.1989232294117	166
FBgn0040734	21	49.8589802447111	87.25
FBgn0040532	99	73.2213564835535	238
FBgn0040575	234	983.590863206791	792.25
FBgn0040733	116	112.993352526377	317
FBgn0040751	139	174.800246001692	417.25
FBgn0040718	24	14.1732586635261	50.25
FBgn0003687	61	78.4352843858543	181
FBgn0040754	216	730.914399616608	733.75
FBgn0040773	148	495.550591577765	582.75
FBgn0039810	98	602.636638351206	520.25
FBgn0040763	113	838.525564548724	591.25
FBgn0040775	60	82.6430752273926	182.5
FBgn0040786	172	411.521499517887	586.75
FBgn0040859	357	1589.95536457113	982
FBgn0040899	128	284.504447441692	459.75
FBgn0040907	273	2320.27179936091	910.25
FBgn0040747	145	8.14067419493903	249.25
FBgn0040904	358	1264.32812704894	956.5
FBgn0040963	356	128.804645203648	643.5
FBgn0040651	159	3441.18827774215	791.75
FBgn0040989	333	346.982240078199	750.25
FBgn0040996	400	531.810529845808	881
FBgn0040923	57	131.454229352153	235.5
FBgn0041588	61	87.5012623790306	190.5
FBgn0041582	167	1474.23784516382	753.5
FBgn0042131	205	4716.79328195728	866.75
FBgn0040931	194	426.84878748893	623
FBgn0043010	162	497.030696370351	602.75
FBgn0040793	74	35.9747007804444	156.5
FBgn0040900	58	520.176729621278	425.25
FBgn0042119	29	467.746792889864	374.5
FBgn0040345	88	1201.72735978353	589
FBgn0043534	182	426.86630481185	608.25
FBgn0041102	277	36.9103681763165	444.25
FBgn0042198	287	4833.06532933817	958.25
FBgn0045770	284	102.293513053588	527.25
FBgn0045827	346	401.156999523634	781.25
FBgn0046294	336	109.127910355629	592
FBgn0046297	373	422.426330881081	814.25
FBgn0046332	410	334.707576648217	815.5
FBgn0044030	67	716.358868821856	493.5
FBgn0046873	150	160.168268554374	429.5
FBgn0043900	133	1243.63295358064	676
FBgn0046793	251	138.208333587861	537
FBgn0047351	427	463.48923285408	877
FBgn0040688	53	112.295489971317	204.5
FBgn0050039	328	856.326628667554	872.25
FBgn0044511	245	1550.76278292636	860.5
FBgn0050278	346	181.144182300088	678.5
FBgn0050362	374	547.321790129212	861
FBgn0050363	54	745.436310300901	473.5
FBgn0050364	325	738.653101475914	853.25
FBgn0050365	325	738.653101475914	853.25
FBgn0050369	355	153.434810729585	667.75
FBgn0050376	313	107.507466597744	564.75
FBgn0050054	4	73.6355707452037	91.5
FBgn0050378	274	40.0143435510323	442.5
FBgn0050412	301	65.6639962761878	505
FBgn0050325	131	2650.01306576933	733.75
FBgn0050461	94	633.595932703097	518.75
FBgn0050430	447	912.832415879944	976.25
FBgn0050432	169	2884.17655411922	800.25
FBgn0050487	331	1478.46556214357	946.5
FBgn0051007	163	15.1684691609668	280.75
FBgn0051010	383	480.051372606687	847.75
FBgn0047338	36	7.90119732636992	61.25
FBgn0051029	308	119.936959273793	575.25
FBgn0051139	403	1496.47888156432	1017.75
FBgn0051141	345	124.338400889661	627
FBgn0039235	14	212.286282201314	233
FBgn0051204	319	544.888753317267	804.5
FBgn0051226	379	458.925190649328	835.25
FBgn0051231	149	114.471452565697	379.75
FBgn0046689	20	52.3763081456888	86.75
FBgn0051281	295	567.329637678615	778.25
FBgn0051294	390	1217.10870084606	983.5
FBgn0047114	91	336.068364017874	417.75
FBgn0050393	34	859.129923703633	465
FBgn0051099	60	22.5818240330198	111.5
FBgn0051352	153	294.471119340608	508.75
FBgn0051358	104	1077.80157606253	607.75
FBgn0051391	54	502.668125434784	414.25
FBgn0050366	54	745.436310300901	473.5
FBgn0051327	354	140.763063998683	655.75
FBgn0051482	402	522.714668258692	878
FBgn0051533	301	83.9568379429348	525
FBgn0051538	156	30.9545161029488	291.5
FBgn0051542	346	98.3128476839644	595.75
FBgn0051624	317	106.534062845927	569.5
FBgn0051546	199	47.8676943969404	372.25
FBgn0051639	376	575.56051661264	870
FBgn0051472	111	131.638270186587	334.5
FBgn0051644	132	45.5877608437235	266.5
FBgn0051473	76	1722.79650481978	612.5
FBgn0051693	457	1007.12300773381	991.25
FBgn0051730	346	747.868132100916	882.5
FBgn0051735	344	263.1967250191	716.5
FBgn0051740	383	185.174507505096	713.75
FBgn0051784	208	111.926533490366	458.5
FBgn0051787	123	496.852534332788	538.5
FBgn0051288	40	322.481775748477	328.75
FBgn0051788	233	268.761252980279	602.25
FBgn0051816	139	471.621786522621	556.75
FBgn0051820	426	462.027874200983	876
FBgn0051835	254	31.20753747408	413.25
FBgn0051682	144	338.335084600859	519
FBgn0051690	207	10100.6738757161	877.25
FBgn0051870	372	149.304658884926	678.25
FBgn0051858	173	94.3750597975857	393.75
FBgn0051882	380	1012.53973179993	947.5
FBgn0051921	386	620.779447905948	893
FBgn0051948	437	1241.75904840177	1012.5
FBgn0050159	135	193.949027278728	425.5
FBgn0050271	61	125.570032560626	241.5
FBgn0051997	127	192.408220170401	413
FBgn0052010	126	128.867582879101	358
FBgn0051988	318	70.4940452328576	531.5
FBgn0051949	291	217.578632463917	634.5
FBgn0052026	257	86.4049385188989	479.5
FBgn0052061	377	163.660529125588	693.25
FBgn0050485	166	658.367688800612	650.5
FBgn0052011	163	331.127834895656	540.75
FBgn0051855	109	183.07908870925	371.75
FBgn0052069	263	2066.60985883515	896.25
FBgn0052064	364	257.539367647085	732
FBgn0051802	39	57.540546743675	122.5
FBgn0052119	296	90.803893595353	524
FBgn0050462	94	633.595932703097	518.75
FBgn0051219	39	446.883891022923	376.5
FBgn0052104	227	642.602155816302	730.5
FBgn0052230	99	89.1852218246584	257
FBgn0052192	311	190.38609548892	643.5
FBgn0052298	172	140.153873569201	446.5
FBgn0052141	226	151.967222520374	529.25
FBgn0052240	307	303.22755553287	696.5
FBgn0052351	323	119.409858785641	592.25
FBgn0052371	286	77.3201347087425	499.75
FBgn0052299	172	140.153873569201	446.5
FBgn0052396	312	464.872566602694	768.75
FBgn0051797	114	2214.20975593622	693.25
FBgn0052436	358	171.976154379639	682.5
FBgn0052437	258	539.285457552597	734.5
FBgn0052445	257	41.5938117429487	428
FBgn0052450	418	431.097777869783	857
FBgn0052487	212	346.912607208573	619
FBgn0050185	70	42.4969405240809	156
FBgn0052448	188	847.294410459967	713.5
FBgn0052488	388	665.509557475132	904.75
FBgn0052440	329	13391.3030496284	1012
FBgn0052548	367	147.33984758768	669.5
FBgn0052591	301	416.589306681543	734.5
FBgn0052652	325	97.8578314893907	569.5
FBgn0052655	246	67.8081715718708	453.75
FBgn0052551	46	1359.11868433629	537.25
FBgn0052657	297	3737.56831643672	957.5
FBgn0051200	24	78.7882068568579	128.25
FBgn0051851	60	1287.38158686538	554.5
FBgn0052529	171	367.135788627851	571.5
FBgn0052720	371	891.080327207374	922.25
FBgn0052843	98	2847.12013998373	674.25
FBgn0052856	120	115.587018023248	330
FBgn0052643	157	2808.8895540405	780.5
FBgn0052651	92	24.0026888725398	167.25
FBgn0053125	385	1100.81524315907	964.5
FBgn0052267	151	848.533529088486	662.75
FBgn0053105	208	1308.38111009893	796
FBgn0040104	21	188.413695977033	232.25
FBgn0052823	28	214.72651127991	258.25
FBgn0053017	330	97.6386895858867	575
FBgn0053286	117	33.1585509437468	226
FBgn0053140	51	586.305081538563	434
FBgn0053287	95	180.734742339303	340.75
FBgn0053218	130	2059.73218037344	720.25
FBgn0053284	376	604.120730098978	878
FBgn0053293	155	18.7168961332219	274
FBgn0036094	11	7.74935419759154	21.75
FBgn0053309	20	1137.96699434124	478.25
FBgn0053487	42	252.324356143015	295.75
FBgn0053340	423	414.701495683811	853
FBgn0051084	71	149.320890634184	283.25
FBgn0053213	192	430.420203738177	622.75
FBgn0053774	51	16.6662318586423	84
FBgn0053322	166	285.40734916611	523
FBgn0053704	151	21.3732325741097	272.25
FBgn0053169	125	361.857321227917	494.25
FBgn0053977	185	348.926614549831	585.5
FBgn0054008	60	78.3065676351543	177
FBgn0053490	154	979.663681150594	683.75
FBgn0054021	129	111.960043543881	340.5
FBgn0054049	218	120.750355923524	482
FBgn0061197	392	331.259778867148	802.5
FBgn0063261	368	424.167235190735	808.75
FBgn0064119	200	131.372479409021	473.25
FBgn0061198	116	228.885643190151	410
FBgn0058002	222	1000.67308444718	779.25
FBgn0065101	175	1191.97125895848	744.25
FBgn0067317	94	124.160354968157	290.5
FBgn0067779	165	324.594610100248	538.75
FBgn0052055	21	54.358679567722	91.75
FBgn0052602	82	321.238147443303	392.75
FBgn0066084	213	1455.48097378687	816.25
FBgn0065099	39	299.569123918935	316.5
FBgn0083953	124	611.093485254629	573.75
FBgn0069923	157	397.189744890695	555.5
FBgn0053170	9	7.2029500655541	18.5
FBgn0083983	26	16.8874260050429	56
FBgn0083946	160	316.102421757181	529.25
FBgn0083986	101	751.515121256713	560.25
FBgn0064912	385	265.696650084969	757.5
FBgn0083167	136	211.038914127191	433
FBgn0083121	129	274.304134697143	457
FBgn0083961	110	333.891648650519	453.5
FBgn0083970	101	288.742153688415	413.25
FBgn0085209	220	1150.83871706917	795.5
FBgn0085201	131	244.839340528633	445.25
FBgn0085229	175	558.10757039949	646.25
FBgn0085236	256	1835.45159554362	878.75
FBgn0085190	223	593.441825088271	715.5
FBgn0085257	67	453.70667496866	422.5
FBgn0085194	61	332.050131924056	367
FBgn0085271	173	329.925011671763	558.75
FBgn0085199	225	166.587599108657	537.25
FBgn0085239	224	174.813324364619	541.25
FBgn0085306	346	98.3128476839644	595.75
FBgn0052726	35	28.5536839302686	84.25
FBgn0083956	55	369.567155762721	370
FBgn0085279	168	2488.65480097735	791
FBgn0085234	100	132.719333532622	314
FBgn0085237	143	338.29703070886	516.75
FBgn0085400	172	1597.12475271277	773.25
FBgn0085337	273	558.684919788177	753.75
FBgn0085468	203	769.365152717417	724.5
FBgn0085454	350	456.223828186145	808.5
FBgn0085486	384	408.795000349081	819
FBgn0085452	146	755.608743543526	644.75
FBgn0085478	162	1344.55243140951	735.75
FBgn0053498	15	12.5343005029728	30.5
FBgn0085419	110	89.696199495011	280.5
FBgn0085320	86	105.2269362041	246.75
FBgn0085736	228	870.410270613673	771.25
FBgn0086371	169	544.304055529998	628.25
FBgn0086378	105	239.661214563182	396.5
FBgn0086446	96	70.5996453330825	229
FBgn0085692	425	719.976199904473	943
FBgn0052685	59	393.021562354364	381.25
FBgn0086915	381	164.649644689541	697.5
FBgn0250826	321	1383.32306280338	927.5
FBgn0250827	61	168.883068163431	278.5
FBgn0250834	404	554.285855704887	892
FBgn0250845	378	193.940956250197	717.25
FBgn0086757	152	504.973999992639	592.25
FBgn0086472	62	33.5255811030065	132.25
FBgn0086447	162	520.003744264385	606.75
FBgn0250910	78	348.147411805393	405.5
FBgn0259098	206	1250.33734817046	786.75
FBgn0259163	91	1999.33166805547	644.25
FBgn0250849	343	302.156971027788	737.25
FBgn0086916	81	1171.67789478164	575.5
FBgn0259173	80	3317.63033993008	648.75
FBgn0259739	419	427.161780069732	857.25
FBgn0259226	64	155.27683829136	275.5
FBgn0259745	80	864.802317827722	535.25
FBgn0259823	194	763.767483894387	715
FBgn0250862	158	558.159242974907	617.25
FBgn0259831	188	874.176913843051	718
FBgn0260230	120	65.0140704884173	271.25
FBgn0259795	369	263.792354763085	739.5
FBgn0260008	194	780.853860652386	716
FBgn0067903	8	21.183786249425	31.5
FBgn0260450	183	978.585093836124	726
FBgn0260231	120	65.0140704884173	271.25
FBgn0260466	200	131.372479409021	473.25
FBgn0260434	197	18.1579960822128	332.5
FBgn0260758	290	175.955726374879	609
FBgn0260761	299	229.344505920112	651.25
FBgn0260463	211	1325.5116966863	802
FBgn0039620	12	13.282710765193	29
FBgn0086357	29	223.529961838394	267.5
FBgn0261016	227	1250.91133873034	815.5
FBgn0260776	232	1703.51810193651	853.75
FBgn0261401	174	426.877965308093	599.25
FBgn0261458	212	2048.06934568999	841.5
FBgn0261111	87	172.000162224713	319.75
FBgn0260480	329	420.268753853901	768.5
FBgn0260762	299	229.344505920112	651.25
FBgn0260953	216	14.0311378750291	352.25
FBgn0261531	387	182.101408424335	718.25
FBgn0261536	419	1054.50835539478	982.75
FBgn0261284	134	529.047794793461	565
FBgn0259184	41	663.011323667561	441
FBgn0259742	25	114.957077427246	172
FBgn0261537	419	1054.50835539478	982.75
FBgn0260455	8	21.183786249425	31.5
FBgn0261019	50	646.27103745321	445
FBgn0261556	213	960.283480150123	762.25
FBgn0261647	123	2119.28755600969	712
FBgn0261686	354	3646.45722086253	1023.75
FBgn0261816	382	269.534850307868	755.75
FBgn0040551	6	1.94315868910405	11.5
FBgn0261806	123	2049.90517799885	709
FBgn0262100	329	1508.36404869844	945.5
FBgn0261789	195	680.182208196947	699
FBgn0261858	386	520.184713493133	863
FBgn0262361	180	2783.13954820594	815.75
FBgn0261791	32	10.2543611564823	59.75
FBgn0261508	91	96.1341547309113	249.75
FBgn0262566	324	2646.95970787384	975.75
FBgn0262581	287	4765.43486381341	957.75
FBgn0262791	171	31.4911816213736	315.75
FBgn0262567	116	141.610895995879	352.5
FBgn0262574	59	24.8688649958195	111.75
FBgn0262125	132	2288.57305643127	727.5
FBgn0262838	29	7.73525576764606	52
FBgn0262858	144	1378.85234469769	712
FBgn0262795	373	613.684509370466	876.75
FBgn0262539	48	22.3140867944327	89.25
FBgn0262836	171	31.4911816213736	315.75
FBgn0263032	314	119.6945972218	583
FBgn0262954	197	784.176428760415	720.5
FBgn0261504	66	66.5618548029774	178
FBgn0262966	299	1562.17269275565	914
FBgn0008636	99	1717.27110816824	649.5
FBgn0262116	58	28.635862468223	115.25
FBgn0010269	153	2040.25925880814	759.25
FBgn0010621	29	74.7178111527128	130.5
FBgn0010497	77	140.514198429801	284.5
FBgn0010612	142	274.140174545004	480
FBgn0010750	104	96.8999959974526	276.75
FBgn0263033	314	119.6945972218	583
FBgn0011244	373	340.088217652317	787.75
FBgn0262880	75	175.222550629889	308
FBgn0262537	100	65.2114813813373	233.5
FBgn0011227	221	680.329255281566	732
FBgn0011280	86	38.5585805769283	171.75
FBgn0011273	191	26.7335971899662	338.25
FBgn0011476	204	535.086795007011	671.5
FBgn0011640	105	602.716013125916	538
FBgn0263025	37	42.2086574955545	102.25
FBgn0011276	107	1926.15699083001	675
FBgn0013301	386	240.481878888597	749
FBgn0013681	198	1367.68416317155	790.25
FBgn0263271	336	121.153576557136	609.75
FBgn0263083	96	111.694072801862	276.5
FBgn0263387	343	302.156971027788	737.25
FBgn0263354	123	383.926097069398	496.5
FBgn0263603	133	521.362110898735	559.5
FBgn0263443	103	1287.19244665744	628.75
FBgn0263402	117	193.523613381415	395.5
FBgn0263864	145	1457.45095952002	721.75
FBgn0263337	168	5430.45272898911	819.5
FBgn0263977	239	819.596655936871	776
FBgn0264272	204	1003.99052274271	755
FBgn0264297	189	3848.17404633266	840.5
FBgn0264298	189	3848.17404633266	840.5
FBgn0013697	127	841.683023657152	618.5
FBgn0264299	189	3848.17404633266	840.5
FBgn0263647	392	492.617495092801	863
FBgn0262102	16	58.1015147954277	88.5
FBgn0261529	91	523.949116374953	484.75
FBgn0264393	150	4426.42558826646	790
FBgn0262732	10	31.300520951668	48.75
FBgn0263911	116	460.340681389933	511
FBgn0263997	90	110.879602843718	265
FBgn0264360	210	1642.48622504357	825
FBgn0264574	103	187.085503709052	361.75
FBgn0264789	49	42.2461340653873	115.5
FBgn0264837	116	711.164439662606	577.5
FBgn0264962	109	81.6887766503016	268.25
FBgn0264989	118	124.407186838462	339
FBgn0264997	110	619.056046731731	549.5
FBgn0264570	208	6280.83402081867	876.5
FBgn0264906	212	589.080298652984	701
FBgn0261788	11	100.529086788421	129.75
FBgn0262001	35	271.094468102471	295.25
FBgn0264364	346	401.156999523634	781.25
FBgn0265263	390	656.290207171908	904.5
FBgn0265103	169	3246.67862458007	803.75
FBgn0265271	290	325.050461754987	686
FBgn0264904	72	55.9262079933432	173.75
FBgn0265177	151	881.610027824971	668.25
FBgn0264990	119	135.28330545563	353
FBgn0265362	172	1164.67892346022	735.75
FBgn0265105	52	689.479571417224	459
FBgn0265342	291	9805.2509669171	966.5
FBgn0265648	210	1070.47128050543	773
FBgn0265053	155	830.743055485181	666.5
FBgn0010638	19	60.6815520684186	95
FBgn0265540	90	164.114068881159	321
FBgn0266053	157	918.973147853747	680.5
FBgn0266201	154	351.932581452424	541.25
FBgn0264721	29	141.726160150308	212.5
FBgn0266262	137	814.584843648547	630.75
FBgn0265649	218	3383.32089064129	871
FBgn0266360	116	173.851420118867	376
FBgn0266438	72	206.893825922418	322.5
FBgn0265047	68	243.908646183446	334.75
FBgn0265536	121	161.941555323478	380.25
FBgn0266195	50	646.27103745321	445
FBgn0266439	72	206.893825922418	322.5
FBgn0266490	89	35.2801428736583	175.25
FBgn0266666	171	357.138776768864	568
FBgn0264696	20	110.018880983966	153.75
FBgn0266628	21	57.8029871017821	96.75
FBgn0266711	129	148.340055195734	383
FBgn0266758	111	149.587920467897	354.5
FBgn0266694	191	1828.86291464085	805
FBgn0266817	62	33.7151159707884	132.75
FBgn0010300	27	12.5363213908847	53
FBgn0266459	277	62.9531308819265	474.5
FBgn0266798	263	2402.26236128636	903.75
FBgn0267326	386	5025.3093033292	1065
FBgn0267363	322	1455.12068386535	932.75
FBgn0267366	291	286.789613624414	670
FBgn0267411	337	138.877924030383	632
FBgn0267412	343	124.796034920175	625
FBgn0267417	280	486.676685037619	738.75
FBgn0267418	228	742.669029188269	753.25
FBgn0267419	296	358.184227738003	709
FBgn0267420	258	403.090531821379	683.5
FBgn0267423	205	578.61646427055	687.25
FBgn0267491	181	62.3926820318374	367.25
FBgn0262487	3	20.130194852954	24.5
FBgn0266813	60	35.2583713494227	127.5
FBgn0267126	166	1084.15862499726	713.5
FBgn0266795	92	26.2527246796615	171.75
FBgn0267587	140	281.239487649792	479
FBgn0267492	180	191.55305010428	498.75
FBgn0267383	129	102.269769338965	327
FBgn0267726	346	180.929275660928	678
FBgn0267727	333	115.074368021041	598.75
FBgn0266863	83	262.872329237033	362.5
FBgn0283429	30	66.2582099637881	124.5
FBgn0283430	24	36.158494792492	79.25
FBgn0266729	38	635.182228776144	430.75
FBgn0267676	136	362.896350134045	510.5
FBgn0267702	52	282.450995338504	321
FBgn0278599	105	594.336680197852	536
FBgn0283432	208	2991.52796393505	854
FBgn0283433	172	1345.0702528689	754.25
FBgn0267532	190	3218.65991268127	832.75
FBgn0283476	94	638.128886095216	520
FBgn0270925	315	81.7859768684988	541
FBgn0014179	344	1921.69410971196	981
FBgn0267698	118	167.124412445819	378
FBgn0015008	313	3336.4691208571	971.25
FBgn0015031	186	407.333888169194	601.5
FBgn0015521	88	80.9628438821337	225
FBgn0266802	101	138.336880710309	320.75
FBgn0015770	395	1005.31472513329	964.25
FBgn0266307	36	113.764945652142	185.25
FBgn0283434	144	688.218377451146	625
FBgn0015794	136	491.914917632326	554.5
FBgn0019828	338	110.558777959554	598.75
FBgn0016970	52	20.8191532457953	91
FBgn0013810	74	1135.55981154689	564.5
FBgn0040735	7	0.765280863066758	11
FBgn0016726	229	894.783629807875	777.5
FBgn0267026	32	43.4912850915417	99.75
FBgn0020370	140	1402.80614218126	705.5
FBgn0022224	98	68.7266411193997	231.75
FBgn0023096	61	219.001959874978	310.5
FBgn0023170	116	439.216695372233	503.5
FBgn0024273	165	347.954458794357	553.75
FBgn0024733	45	12.5483416973145	76
FBgn0020300	66	292.047043293975	354
FBgn0023519	108	746.091451835967	572
FBgn0014391	57	54.7798637317333	142
FBgn0020280	301	709.90997117088	819.5
FBgn0025455	205	960.950070107743	750.25
FBgn0020399	286	317.594397871316	681.25
FBgn0024806	168	1585.18912657656	762.5
FBgn0025573	228	2876.51872237885	879.25
FBgn0025821	336	2380.59583424004	984.5
FBgn0015019	12	8.73239960919218	25.5
FBgn0025640	234	1114.43990674137	810.25
FBgn0024196	72	28.9890446035778	144.75
FBgn0026314	143	1410.30268985424	712.25
FBgn0026738	165	441.106018102153	586.75
FBgn0025641	72	623.962193978864	484.25
FBgn0026741	241	1093.26893288833	813
FBgn0267920	16	83.2637600078388	117.5
FBgn0026879	238	970.437373302453	794
FBgn0025571	72	148.957846520074	284.75
FBgn0026597	184	3820.6441520182	833.75
FBgn0027548	99	1874.72547040984	655
FBgn0025686	81	1196.82846180021	577.5
FBgn0025700	10	22.2291015494423	35.75
FBgn0027259	117	359.529617322188	478.5
FBgn0027589	187	5095.86958683647	846
FBgn0027603	95	522.748774801502	491.25
FBgn0027951	140	274.166614458482	476
FBgn0267721	205	110.660775895841	451.75
FBgn0026141	264	197.25330148086	597.25
FBgn0028513	299	190.886548301181	629.5
FBgn0028531	377	416.852091027913	816.25
FBgn0028560	277	62.420447315107	473.75
FBgn0028567	265	35.0328859893361	428.5
FBgn0028838	412	653.894801091145	919
FBgn0028848	270	41.7615840848302	439.5
FBgn0028857	192	86.5475577899527	407.25
FBgn0028870	243	169.783605069547	559
FBgn0028892	334	477.066995745408	797.25
FBgn0028893	392	1829.27692329336	1026
FBgn0028901	360	409.181375211048	797.5
FBgn0028902	366	153.630291301349	675.25
FBgn0028903	313	229.399614808564	668.75
FBgn0028935	297	353.326961459263	709.5
FBgn0029084	324	1462.47584076319	936.75
FBgn0027602	82	1333.10641809405	593.25
FBgn0028941	237	1923.7813179886	867.75
FBgn0029501	290	108.818818667963	538.5
FBgn0029658	301	190.17093489445	631
FBgn0029659	285	43.7297384658064	461.25
FBgn0029552	276	1266.09559579992	863.75
FBgn0029702	295	89.2414175012861	521.75
FBgn0029725	160	1532.52408734683	748.25
FBgn0029750	200	104.462536326401	437.5
FBgn0029752	343	273.32709012736	720
FBgn0028343	69	17.9367994955894	122
FBgn0029720	132	1054.99574508748	653.5
FBgn0029730	140	1002.47292159696	662.5
FBgn0029861	58	495.458590436312	419.25
FBgn0029859	430	716.519821497815	943.75
FBgn0029949	389	196.582428764742	732.75
FBgn0029951	337	270.328905057085	712.5
FBgn0029836	139	265.237273049402	465.25
FBgn0029899	148	160.062920839868	426.25
FBgn0026418	12	48.7220111508675	71.5
FBgn0028525	144	284.757357759669	490
FBgn0030005	28	296.793528975812	300.75
FBgn0030091	137	529.071245898412	570.25
FBgn0030108	148	336.449722506905	525.25
FBgn0029952	354	2417.92469716212	1006.75
FBgn0030191	138	11.8293425653511	234
FBgn0030277	369	147.215844662796	671.5
FBgn0030224	170	242.218508432272	508.75
FBgn0030017	146	789.764922874135	648.75
FBgn0030244	231	3731.38396836205	893.75
FBgn0010314	23	115.668911580841	169.25
FBgn0030350	147	221.763529733294	465.5
FBgn0030278	339	432.940244783274	788
FBgn0030356	298	242.209103875239	654.25
FBgn0030376	251	56.2314978926243	440
FBgn0027607	19	80.5187159780278	116.5
FBgn0029718	62	82.8216558379278	189.75
FBgn0030087	32	116.536622095705	185.75
FBgn0029971	89	35.2801428736583	175.25
FBgn0030326	198	1113.43149498069	764.75
FBgn0030352	176	925.140031775764	713.5
FBgn0030480	89	456.182842939126	456.5
FBgn0030384	396	1746.44512149493	1027.5
FBgn0017456	21	26.0276783951809	60.75
FBgn0030349	109	2048.24304117153	681.75
FBgn0030283	65	4.01651495956021	102.25
FBgn0030370	270	459.124243927931	716.5
FBgn0030814	292	189.617858268234	620
FBgn0030816	46	178.98908876714	259.25
FBgn0030739	227	812.241981270372	762.5
FBgn0010388	5	1.28043127016278	10
FBgn0029993	54	464.736135199632	402.25
FBgn0030859	83	498.712403881229	463.5
FBgn0031022	189	1279.80814418128	769
FBgn0031047	197	4455.63107953195	858
FBgn0031051	82	648.019104536837	501.25
FBgn0030951	392	527.872907013013	874
FBgn0030793	63	139.562172117832	259
FBgn0031085	325	488.687427431668	791
FBgn0031129	258	38.6637028785437	427.5
FBgn0031070	27	315.186479318324	308
FBgn0031094	139	457.958642609001	549.75
FBgn0031171	89	1544.62611070398	621.5
FBgn0283431	22	33.4588534826384	70.5
FBgn0029946	72	59.2271571713772	179.75
FBgn0030280	109	77.3053484991909	261.25
FBgn0030829	55	580.929908070465	440.5
FBgn0031134	447	492.866617777697	891.25
FBgn0031228	118	335.40543119624	469.5
FBgn0031295	313	718.988311920204	835.75
FBgn0031323	221	182.827497231228	543
FBgn0031332	423	699.672852627018	936.5
FBgn0030351	29	14.1883675010624	59
FBgn0031347	270	268.679561030874	633
FBgn0031306	57	137.717839412111	240.5
FBgn0031372	386	1317.87126897006	988.5
FBgn0031377	141	1326.46961593303	702.5
FBgn0031397	249	7231.21338700872	924.5
FBgn0031410	317	1281.22497372745	914.5
FBgn0031351	134	331.537190521124	492.5
FBgn0031443	402	528.197251982093	880
FBgn0031189	76	1632.84077708585	609.5
FBgn0031012	55	175.445442082762	269.5
FBgn0031057	86	2083.26775535935	637.75
FBgn0031462	281	1034.72564721744	843.25
FBgn0031526	307	329.74320869966	707
FBgn0031479	87	56.373495845265	193.75
FBgn0031558	70	51.625727112855	164.5
FBgn0031545	315	66.4157818500976	524.5
FBgn0031574	302	78.4557725089094	520.25
FBgn0031452	102	133.452989960513	318
FBgn0031601	144	195.92558021196	446.5
FBgn0031473	41	123.10887891785	206
FBgn0031634	98	306.311533331139	414.25
FBgn0031646	256	2326.76991678208	895.25
FBgn0031678	142	1075.37878200854	676.5
FBgn0031585	303	162.664367192369	614
FBgn0031626	297	121.39459371212	564.5
FBgn0031722	329	337.108514878487	741
FBgn0031723	278	46.9445775307134	457.25
FBgn0031724	299	85.0679521015045	523
FBgn0065104	2	0	3
FBgn0031690	66	95.9626003770801	210
FBgn0031707	89	56.5608719461237	199
FBgn0031561	81	148.054611471465	294
FBgn0031751	296	222.003751276609	641.5
FBgn0065055	1	0	2.25
FBgn0082997	3	0	4
FBgn0013698	1	0	2.25
FBgn0265084	12	214.463033562615	231.5
FBgn0267520	3	88.3178257838275	106
FBgn0014865	4	0	5.5
FBgn0031045	17	242.001342386971	252.25
FBgn0031496	59	1983.45444027939	589.75
FBgn0031710	103	315.724757517752	429.25
FBgn0031728	369	296.61375366443	758.5
FBgn0031738	62	1037.89795237367	531.75
FBgn0031822	175	399.085323361854	586.75
FBgn0031826	146	5.5729398847585	248.25
