gene	degree	betweenness	rank
FBgn0000092	239	325.430215616176	347.25
FBgn0000003	122	51.1080996094506	124.75
FBgn0000182	65	15.3500891228321	50.75
FBgn0000358	92	53.5404200666747	109.25
FBgn0000359	156	173.158096572408	234.75
FBgn0000360	211	396.402097856592	334.5
FBgn0000404	156	137.304000496833	212.75
FBgn0000451	163	89.6704795168427	182.75
FBgn0000337	212	179.287050034001	281.25
FBgn0001086	194	192.405699214656	273.75
FBgn0001233	188	254.20378675464	290.5
FBgn0001281	263	145.729303958057	312.25
FBgn0001311	148	205.892230482333	250.25
FBgn0002868	226	100.076989171759	238.75
FBgn0001285	71	6.75837094423854	44.75
FBgn0002948	248	194.761094507375	326.75
FBgn0002869	131	114.014505219002	176.75
FBgn0002962	87	34.6015850239268	88.5
FBgn0031886	258	169.356046003786	321.75
FBgn0031940	156	189.957876752576	247.75
FBgn0031979	286	316.921277597997	394.25
FBgn0032057	232	141.489280578091	273
FBgn0032299	45	5.71510655684227	23.5
FBgn0032414	271	247.66063349962	368.25
FBgn0032483	259	194.597542666051	340.5
FBgn0032538	264	521.928083475056	397
FBgn0032582	71	23.2149977409147	64.75
FBgn0032109	104	73.5661266536417	133.25
FBgn0032602	164	114.116904387607	200.25
FBgn0032789	217	120.847312313863	245.25
FBgn0002526	45	1.33993605350536	16.5
FBgn0032805	270	313.569369545969	378
FBgn0033190	273	284.152243450898	379.75
FBgn0033207	209	165.824517240171	267.25
FBgn0033340	243	178.256737823652	305.25
FBgn0032856	42	1.7958538917709	15
FBgn0003046	31	3.26492329303687	13.5
FBgn0033357	245	118.481835369969	271.25
FBgn0033442	274	417.159536189909	400.75
FBgn0033498	154	62.7317642558925	156.75
FBgn0033367	60	7.22908694141412	35.5
FBgn0033308	122	100.823589304133	161.75
FBgn0033501	206	70.567013314284	199.75
FBgn0033730	184	137.401371846132	229
FBgn0033731	44	42.6644055987035	62.5
FBgn0033798	261	351.756510087079	379.5
FBgn0033834	78	66.1264834495959	106
FBgn0033836	196	314.231700461617	306.75
FBgn0033724	131	56.9391321284096	135.75
FBgn0033936	276	208.92533159786	364.5
FBgn0034010	252	279.54207791867	357.5
FBgn0034098	167	137.655036924085	220.25
FBgn0033830	30	2.31828343883558	12.5
FBgn0034330	119	75.9075220393071	141.5
FBgn0034335	76	30.6350296676614	77.25
FBgn0034245	224	111.043386772258	243.75
FBgn0034301	154	20.5843609799532	120.75
FBgn0034440	188	127.00200560968	226
FBgn0034442	249	148.87860963952	298.5
FBgn0034474	147	73.8779161671563	160.25
FBgn0034475	184	70.2929476309901	178.5
FBgn0034614	289	335.283920497455	401
FBgn0034646	296	443.241190300141	416
FBgn0034709	155	95.4552605507769	182.5
FBgn0034687	256	142.717475121493	302
FBgn0034670	87	24.946004733972	79
FBgn0034785	121	61.3798724277431	131.75
FBgn0034800	234	102.322548779859	246.5
FBgn0034924	221	111.660940586694	241.5
FBgn0034928	279	188.422116408314	353.5
FBgn0034957	243	184.989655671849	311.75
FBgn0035031	285	237.647038639274	377.5
FBgn0035076	167	111.164504839709	199.75
FBgn0035099	259	186.274405306396	335.5
FBgn0034407	53	8.33705967349841	33
FBgn0035143	91	59.4771849537357	112.75
FBgn0035138	288	272.843037722295	387.75
FBgn0035439	103	107.096009309554	154.75
FBgn0035281	100	74.3862150399573	130.75
FBgn0035694	198	87.9556879169773	207
FBgn0035510	103	17.9604174626309	84.25
FBgn0035795	131	143.104413724865	199.25
FBgn0035880	283	218.882850611444	371.25
FBgn0035918	182	164.078731820048	243
FBgn0035952	170	62.3001379296732	165.5
FBgn0035977	200	330.900634877141	314.25
FBgn0036118	272	175.916227779906	336.5
FBgn0036168	196	104.067308756152	214.75
FBgn0036181	88	68.0351969766452	115.5
FBgn0036417	254	283.754075657513	359.75
FBgn0036617	186	315.038408347873	298.75
FBgn0036587	83	21.0527305157092	74
FBgn0036619	153	120.527227203504	198.25
FBgn0036629	268	169.070153161381	328.5
FBgn0036575	58	9.82354439286293	38.5
FBgn0036599	61	11.563205512194	43
FBgn0036690	116	76.2824810365591	140.5
FBgn0036667	266	171.599444624756	330
FBgn0036656	66	11.5115274478351	47.75
FBgn0036677	68	31.3041800787278	71
FBgn0037042	234	141.995706376517	276
FBgn0036618	67	10.0846952817259	46.5
FBgn0037065	166	124.860309735164	210.75
FBgn0036751	46	28.6379129011512	53
FBgn0036833	119	43.4907247327351	116.5
FBgn0037115	283	320.27422209118	391.25
FBgn0036979	112	35.1622092011624	105.25
FBgn0037122	222	75.0090044571853	217
FBgn0037222	256	415.388333685278	382
FBgn0037419	275	357.029472617786	393
FBgn0037488	272	322.32217397839	383.5
FBgn0037396	111	78.3352552435153	141
FBgn0037797	109	52.9789098300824	118
FBgn0037915	244	110.18242960807	260.5
FBgn0037970	269	213.556706412301	358.75
FBgn0036978	39	0.745622484575667	11.25
FBgn0037995	137	56.909657958852	141
FBgn0038045	251	125.178991088042	286
FBgn0036717	43	24.0505010712548	43
FBgn0038148	272	331.659828927918	385.5
FBgn0038242	203	380.508630381736	325.5
FBgn0038315	245	119.789255327311	272.25
FBgn0038002	81	27.832212170418	79.5
FBgn0038448	243	112.155192742116	261.75
FBgn0038469	63	14.9048800561861	48.5
FBgn0038142	102	32.6786233777656	98
FBgn0035790	17	2.26304360252245	8.25
FBgn0038009	39	11.4438776488933	27.25
FBgn0038466	78	47.9370279754224	93.5
FBgn0038852	94	76.8718988509806	130
FBgn0038676	99	43.2375351689174	105.25
FBgn0038525	201	188.494450988932	277.75
FBgn0038958	245	142.267632335963	288.75
FBgn0038967	210	326.675926415092	322.25
FBgn0039028	53	4.39640498238564	26
FBgn0039051	113	71.3001588089212	135.75
FBgn0039052	191	236.871859533794	288
FBgn0038977	198	114.478737403958	225
FBgn0003137	118	47.2963765963035	118
FBgn0003189	212	149.409046256064	262.75
FBgn0038909	50	34.7746779191188	60
FBgn0039155	206	282.408375940649	313.25
FBgn0039217	85	29.0268650974687	83.5
FBgn0003257	232	278.319061845475	332.5
FBgn0003979	258	316.880769182015	369.75
FBgn0004431	217	384.109036065677	336.75
FBgn0004777	175	469.487286404602	311.75
FBgn0004783	285	370.274995677957	403
FBgn0039504	234	129.700354264665	270.5
FBgn0039611	246	163.301986515288	301.5
FBgn0039616	185	178.26966501931	256.75
FBgn0039480	112	84.2815487324033	145.25
FBgn0039621	153	70.3664532777429	160.25
FBgn0039687	297	357.210738792508	406.5
FBgn0004240	77	40.7853021973569	86
FBgn0039769	222	250.900819865839	319
FBgn0039805	100	71.2050641336474	127.75
FBgn0039809	298	477.400009918917	418.5
FBgn0004191	21	0.845383194586935	6.5
FBgn0039848	193	169.19056580141	255.5
FBgn0040102	64	8.54913660118897	42
FBgn0040104	197	111.983209409028	222
FBgn0040333	201	166.302815995921	261.25
FBgn0040345	142	26.6664675400267	118.5
FBgn0040551	286	423.957858235479	411.75
FBgn0040629	175	82.5699343548884	186.75
FBgn0040637	127	123.224750245453	183.25
FBgn0040688	219	198.932301187415	299
FBgn0040496	54	10.5926444748633	36.5
FBgn0040705	243	219.610746577895	330.25
FBgn0040733	44	6.20501917563229	23
FBgn0040503	62	7.5976141544952	38.25
FBgn0040775	205	129.163499156477	244.75
FBgn0040734	160	174.236539527003	237.75
FBgn0040786	245	193.087989973186	321.25
FBgn0040907	249	124.383373881209	282
FBgn0040923	211	129.369791645739	250
FBgn0004782	26	17.4996964670045	32.25
FBgn0040931	265	152.047234492759	318.25
FBgn0041623	131	70.7989519968048	145.25
FBgn0042101	151	109.876144205636	187
FBgn0042126	192	91.4834172498088	203.5
FBgn0042086	28	5.89973208208552	17
FBgn0041579	48	8.15699800617402	29.75
FBgn0038745	6	104.465234003052	97.5
FBgn0044048	122	39.4716229305916	115.25
FBgn0042131	232	138.417762705656	272
FBgn0043575	83	86.7909743652176	129
FBgn0050045	45	6.77857200687306	25.5
FBgn0042206	62	35.8889170727482	69.75
FBgn0050050	103	41.3853157096351	107.25
FBgn0050184	275	256.730297059051	375.5
FBgn0050016	147	116.052831095757	190.75
FBgn0047000	44	56.4093723715355	73
FBgn0050379	121	339.910521420436	260.75
FBgn0050401	200	116.018647604934	227.25
FBgn0050461	257	207.058977723662	344.5
FBgn0050462	257	207.058977723662	344.5
FBgn0050485	257	184.183543901958	330.75
FBgn0051139	183	340.884938401513	302
FBgn0050160	33	7.68797509224025	21.5
FBgn0051076	193	51.0355480060869	172
FBgn0051202	133	95.1993843746544	166
FBgn0051219	263	356.414797423718	381.75
FBgn0051300	255	271.4756397123	356.25
FBgn0051779	152	66.271880298665	156.5
FBgn0052055	180	103.893748419669	201.25
FBgn0052069	249	118.472582965207	276
FBgn0052160	211	119.337784862767	239.5
FBgn0052368	93	53.31663087261	109.5
FBgn0052551	244	187.793746986305	315
FBgn0052602	204	146.578006453996	253.75
FBgn0052656	137	35.6381252572344	123.5
FBgn0052726	246	203.658155694308	328.5
FBgn0053170	251	183.065222969518	322.5
FBgn0053299	203	137.781542827909	247.5
FBgn0053530	224	266.080620346498	323.25
FBgn0053965	286	479.852438395482	414.25
FBgn0058354	136	92.1128512174952	167
FBgn0061198	240	114.826457814721	262
FBgn0052580	69	41.0788810648501	80
FBgn0054051	138	71.696549348211	154.5
FBgn0063499	57	10.7015171698983	39.5
FBgn0066084	275	223.972270515268	368.5
FBgn0066293	137	80.7186508507355	160.5
FBgn0069354	48	25.576502940299	49.75
FBgn0083970	283	393.439238689197	402.75
FBgn0083983	224	276.356442652519	326.25
FBgn0085201	234	179.81145279727	300.5
FBgn0067903	62	16.0909710803254	50
FBgn0085209	261	148.327888223086	312.5
FBgn0085237	202	183.78184100316	274.75
FBgn0053223	66	60.9179452102052	93.75
FBgn0085276	94	20.0343201838554	80
FBgn0085279	251	214.89569219286	341.5
FBgn0085330	194	79.3542752864187	198.25
FBgn0085334	120	71.8347598466981	140
FBgn0085358	189	44.7397021327207	165.75
FBgn0085356	87	26.6526030779845	81.5
FBgn0085475	225	90.3116874215356	232.5
FBgn0085766	226	129.228384088125	263.25
FBgn0085772	119	43.5321335894031	117
FBgn0085773	171	93.7715654047093	190.5
FBgn0085599	69	15.5403600421792	55
FBgn0086265	160	179.128275654911	242.25
FBgn0086367	180	184.181758114414	257.25
FBgn0250904	135	131.732226795015	196
FBgn0260225	276	246.291126811174	373.5
FBgn0260455	62	16.0909710803254	50
FBgn0260475	214	385.180415955918	335
FBgn0260479	80	38.3294741610939	87
FBgn0085826	143	70.8813909426178	155.25
FBgn0260932	220	93.8420206778581	229.25
FBgn0260955	103	85.6308944241972	142.25
FBgn0261016	296	280.73410209932	392.5
FBgn0261111	288	362.794216276846	404.75
FBgn0260447	14	20.2929410791314	31.5
FBgn0261429	286	409.333123231896	408.25
FBgn0261504	124	52.567558078572	127.25
FBgn0261575	188	180.375869691328	261
FBgn0260997	65	9.52954699881315	43.5
FBgn0262001	203	110.746662975854	225
FBgn0262003	204	369.588194747764	325.75
FBgn0261832	97	27.8203742957881	90
FBgn0262106	126	51.7344285978895	127.5
FBgn0262149	178	169.348506961662	245.5
FBgn0262359	198	121.104322154291	231
FBgn0262364	265	201.525670361207	349.25
FBgn0262111	205	413.340962156959	332.25
FBgn0262565	219	82.1954232346835	220
FBgn0262574	224	117.660000357194	249.75
FBgn0262598	150	122.778465644715	199.5
FBgn0262569	74	27.542878000864	71.5
FBgn0262815	70	4.89158695093577	40.5
FBgn0262858	246	178.223743397889	312
FBgn0262880	219	128.502257710845	254
FBgn0262964	128	54.3621890271382	132
FBgn0261805	55	18.9215494804782	47.75
FBgn0262881	55	12.4389073400185	40.75
FBgn0010241	157	99.4547909107014	186
FBgn0263025	259	367.171461559727	381
FBgn0261508	22	11.7007335137964	24.5
FBgn0010385	124	81.047345235865	151.25
FBgn0011227	202	111.064341068261	224.75
FBgn0011278	256	250.434908747255	354.5
FBgn0013681	236	152.752277955435	285
FBgn0013686	145	84.3637230385217	168.25
FBgn0013688	231	203.845388624549	311.25
FBgn0013691	177	122.455266315454	215.75
FBgn0013697	257	143.774651782096	305.25
FBgn0013704	271	238.960258218072	366.25
FBgn0010314	75	40.4444567101433	83.5
FBgn0263079	245	99.9916591786005	256.75
FBgn0263210	189	412.076039077908	317.25
FBgn0263206	149	45.5215411719872	140.25
FBgn0263442	80	36.0833880972902	85.75
FBgn0263448	174	162.517047654592	237.25
FBgn0263597	76	54.4004630485349	97.75
FBgn0263744	223	308.032991010792	328.25
FBgn0263838	173	68.4721489536998	171
FBgn0264297	228	161.384454093008	280
FBgn0264298	228	161.384454093008	280
FBgn0263083	99	21.8615390098327	85.25
FBgn0264299	228	161.384454093008	280
FBgn0010388	49	5.56458025904543	25.5
FBgn0264360	280	206.259874482548	364.5
FBgn0264541	75	53.1998384021738	94.5
FBgn0263454	81	27.832212170418	79.5
FBgn0264382	138	102.134469145484	175
FBgn0264745	73	16.6912311246453	59.75
FBgn0264997	133	19.796477167216	103.5
FBgn0265046	140	49.5779926698954	137.5
FBgn0265084	251	156.516875897533	304.5
FBgn0265139	136	31.8306318746226	119
FBgn0264711	149	228.513731002974	260.25
FBgn0265342	257	194.892193071338	338.75
FBgn0265362	273	226.354075872355	366.75
FBgn0265577	75	41.1077732964289	85
FBgn0265919	169	272.867181183645	281
FBgn0265940	185	58.6355604231369	172.75
FBgn0265982	239	358.25049257652	353.75
FBgn0266049	255	181.848699699673	325.25
FBgn0266405	86	219.56101413549	215.5
FBgn0265089	127	69.2549480141609	140.75
FBgn0266437	269	435.87141612363	397.25
FBgn0266577	222	213.467611011779	309
FBgn0266691	237	178.051547793805	299.75
FBgn0263096	17	0.0438112171085522	4.75
FBgn0266459	65	15.3500891228321	50.75
FBgn0266837	248	178.264237050484	314.25
FBgn0266933	194	195.892986064167	277.75
FBgn0267026	244	127.392844586744	276
FBgn0267012	90	192.443216340906	204.5
FBgn0267030	240	177.648399672929	302
FBgn0267126	296	345.94678262737	403.5
FBgn0266925	110	46.8067284479054	114
FBgn0267496	251	193.995053971823	330
FBgn0267499	233	169.768581723511	291.5
FBgn0267500	250	210.295257533295	338
FBgn0267502	194	154.226005821834	249.25
FBgn0267503	244	203.676769667806	324
FBgn0083055	2	0	1.75
FBgn0267512	231	150.935935960056	278.25
FBgn0267550	61	11.563205512194	43
FBgn0267866	78	32.0501390536004	80.5
FBgn0267910	177	58.8349941052782	168.25
FBgn0267923	133	12.6270656384881	97
FBgn0267040	91	76.7008120146276	126.75
FBgn0267985	216	163.815613041556	270.5
FBgn0267867	83	37.2165248572213	89.5
FBgn0283437	95	24.9786309015183	86
FBgn0283461	51	5.53876504130402	26
FBgn0014454	107	89.0180533327077	146
FBgn0267987	184	77.6191899912613	187.5
FBgn0267130	138	140.847109781981	204
FBgn0014465	164	97.5338955280301	188.25
FBgn0013813	245	221.155241990368	335.75
FBgn0014859	23	1.44325018914294	8.5
FBgn0014949	209	109.366160751625	227.75
FBgn0014865	171	276.037520590659	283
FBgn0014033	41	1.68703451771812	14
FBgn0014464	35	12.537587530133	29.5
FBgn0015270	163	66.5213123997412	163.75
FBgn0016726	261	173.9112938987	326.5
FBgn0020399	134	106.889936682055	173.5
FBgn0022740	82	58.1376588989027	105
FBgn0020506	257	164.343855528419	315.75
FBgn0020508	122	48.4773446414536	123.25
FBgn0023170	244	122.041917656076	272
FBgn0023197	274	213.453705373019	362.75
FBgn0267522	10	317.547867249692	191.5
FBgn0023495	171	82.3959370216669	183.5
FBgn0025739	217	271.058423882721	316.25
FBgn0026741	267	167.550599399588	327.5
FBgn0026879	254	194.696105983835	333.25
FBgn0023129	113	85.0757936981209	147.25
FBgn0027259	190	64.092249975717	180.5
FBgn0027600	136	120.848612762672	187.5
FBgn0027929	240	480.025180738446	367
FBgn0029147	92	26.3984706602787	84.75
FBgn0029568	69	20.3015893637135	61
FBgn0029697	53	15.8783024324201	42.5
FBgn0029836	56	17.2690495309884	47.25
FBgn0029968	166	135.016508293491	217.25
FBgn0029167	98	26.3337413310989	88
FBgn0030001	104	30.2893122641304	98.25
FBgn0030005	186	394.325860203152	312.75
FBgn0030041	73	41.3814279105578	83.75
FBgn0030078	277	409.845936806056	402.5
FBgn0028855	143	146.659755291767	210.75
FBgn0030108	276	207.765532638551	364
FBgn0030187	145	203.854360763237	247.75
FBgn0030326	263	246.811765387249	361.75
FBgn0030351	215	78.1262940835293	214
FBgn0030409	193	76.3176962693312	193.5
FBgn0030551	285	332.693024755602	396.5
FBgn0030587	210	184.880348879482	282.75
FBgn0030597	284	310.019850202039	389
FBgn0030598	238	196.262089689723	316
FBgn0030859	283	244.276172309703	376.25
FBgn0030899	217	91.3327576224604	224.25
FBgn0030955	234	419.30220670206	358
FBgn0031045	249	164.545675462478	306.5
FBgn0031070	223	127.830055024481	257.25
FBgn0030830	94	128.109703297341	167
FBgn0031426	263	161.85442896988	319.75
FBgn0031470	174	190.203921335102	258.25
FBgn0031142	56	5.66092542871386	30.75
FBgn0031560	148	147.233954589538	214.25
FBgn0031472	237	215.165371491529	324.25
FBgn0031559	89	24.0857927087174	80
FBgn0031561	156	176.706964093131	236.75
FBgn0031580	220	250.300931785173	316.25
FBgn0031678	235	128.77970564985	270
FBgn0030362	47	3.76860755662328	21.5
FBgn0086663	1	0	1.25
FBgn0029707	26	4.02899465691915	12.75
FBgn0031707	249	137.567331976024	290.5
FBgn0031756	129	104.722265375676	169
FBgn0031758	80	36.0833880972902	85.75
