gene	degree	betweenness	rank
FBgn0000003	197	111.244413352583	301.25
FBgn0000092	194	139.292240334203	342.25
FBgn0000279	31	2.78865214368594	8.25
FBgn0000337	217	241.149098373812	441
FBgn0000451	104	19.672882750977	51.5
FBgn0001075	300	322.441313383562	489.75
FBgn0000615	758	60.8481299363545	464.75
FBgn0001217	745	65.8902064565983	439.75
FBgn0002569	173	7.47121013833162	54
FBgn0001226	30	4.27630291982077	9.5
FBgn0001311	279	237.770616457705	450
FBgn0001313	714	212.47586660873	599.5
FBgn0001086	141	99.5877059207547	260
FBgn0002873	314	59.3451563980279	213.5
FBgn0002862	752	125.181384429693	580.5
FBgn0031844	317	351.44136536896	505.5
FBgn0031853	801	120.846373976112	679.5
FBgn0031856	250	166.30820767572	391.75
FBgn0031861	532	75.3362556297785	303.5
FBgn0002869	88	22.3331424858687	52.75
FBgn0031878	697	422.465128528238	661.75
FBgn0031940	509	897.054585577421	623.75
FBgn0031859	694	34.9889190174649	285
FBgn0031941	575	129.955233151109	416.25
FBgn0031954	788	92.8028852980186	597
FBgn0031942	368	252.621633932547	478.5
FBgn0032003	828	203.75179726051	809.5
FBgn0032004	840	1022.36750243796	976.75
FBgn0032039	880	424.88833727124	948.25
FBgn0032061	748	52.1428225080804	404.75
FBgn0032065	850	227.938248505682	848.5
FBgn0032072	723	101.451053203685	486.25
FBgn0032090	629	220.841251509369	524.75
FBgn0032111	788	108.55264112631	633.5
FBgn0032143	854	1311.69212869838	995.5
FBgn0032219	712	42.8922739080602	320
FBgn0032175	431	148.12750334949	407.5
FBgn0032269	674	30.5235827459613	252.75
FBgn0032276	709	65.2002114947452	374.5
FBgn0032312	736	146.415578318674	577
FBgn0032313	660	299.837261368504	583.25
FBgn0032314	759	69.0530432570907	488.75
FBgn0032360	647	14.7950929720969	190.5
FBgn0032369	664	184.542855566418	527
FBgn0032370	764	92.9506235283218	553
FBgn0032372	729	71.6488073852332	427.25
FBgn0032374	832	192.968736628445	811.5
FBgn0032385	872	623.599485027849	975.5
FBgn0032424	813	184.830425975113	780
FBgn0032457	728	59.9612621984836	394.5
FBgn0032464	826	204.365418998673	807
FBgn0032471	684	94.2604947336433	421
FBgn0032519	849	386.086396489309	910.75
FBgn0032520	719	100.082030533047	478.75
FBgn0032525	642	42.2409859879251	253.25
FBgn0032530	666	87.7768761868086	385.5
FBgn0032538	444	430.200754952501	554
FBgn0032553	762	133.110227573517	625.25
FBgn0032554	776	127.853900870867	639.5
FBgn0032563	749	60.7704352779006	435.5
FBgn0032577	667	452.633083959696	637.75
FBgn0032588	813	202.764835412	792.5
FBgn0032590	744	65.9951747952348	437.75
FBgn0032626	683	99.4424838589908	434.5
FBgn0032650	689	38.1476943784535	286.5
FBgn0032654	750	72.5284446113743	470.5
FBgn0032664	866	551.940806461784	960.5
FBgn0032677	681	21.5684971784727	237.25
FBgn0032709	811	244.700325331393	814.25
FBgn0032755	661	27.7256094130551	231.25
FBgn0032768	842	251.206122468445	857.5
FBgn0032660	312	34.3127976022272	149.75
FBgn0032769	348	217.249591070151	452
FBgn0032771	678	38.8539559551816	277.75
FBgn0032867	880	389.645492669898	938.25
FBgn0032869	783	74.510108083426	549.75
FBgn0032878	804	126.170602897489	692.5
FBgn0032894	620	22.529555432103	192
FBgn0032967	648	134.932815999921	460.5
FBgn0032968	780	191.576629662823	719
FBgn0032969	752	127.962688311193	586.5
FBgn0032971	876	460.226829360855	951.25
FBgn0033020	762	82.5773824301836	526.25
FBgn0033056	798	103.288182984945	642.75
FBgn0033074	566	16.4381842880342	154.5
FBgn0032483	95	23.330511981516	61
FBgn0033141	519	98.1724522602144	350
FBgn0033168	731	87.9003797665321	469.75
FBgn0033238	765	77.9162173194935	525.75
FBgn0033278	682	81.5881901725049	392.5
FBgn0033279	731	46.1710451990572	361.75
FBgn0033283	581	28.6150935767325	187.25
FBgn0033285	753	67.8814070091948	466
FBgn0033286	719	39.9905778691459	330.25
FBgn0033287	636	18.8837984117688	191.5
FBgn0033307	748	182.664203408151	637.75
FBgn0033322	661	59.1760692510082	313
FBgn0033323	660	50.7438495036491	284.25
FBgn0033330	771	71.7471258241533	519.25
FBgn0033369	749	92.4073004161017	509
FBgn0033190	60	7.83961448639922	19
FBgn0033308	417	342.892023408663	517.5
FBgn0033498	149	56.5085480812376	157.25
FBgn0033371	755	92.8776903396573	530.5
FBgn0033667	648	861.900129757978	670.5
FBgn0033680	703	126.211257275831	499.75
FBgn0033705	777	299.921526850888	768.25
FBgn0033728	462	405.451873142032	550
FBgn0033490	635	97.5507108931156	384
FBgn0033818	764	122.167618356753	609.5
FBgn0033730	236	94.4427523681163	279.75
FBgn0033819	822	148.560850767899	748.5
FBgn0033860	866	329.977052780659	907.5
FBgn0033862	608	20.3308494336538	176.75
FBgn0033863	728	53.0775068066908	371
FBgn0033864	763	75.0072655774392	514.25
FBgn0033828	296	319.477092999344	486.75
FBgn0033868	580	8.55378226595668	147.25
FBgn0033869	446	469.401167091464	561.75
FBgn0033888	814	138.98550464695	729.75
FBgn0033952	735	128.74356644235	556
FBgn0033955	623	173.84780203454	490
FBgn0033936	435	409.551226819382	546
FBgn0034010	263	192.116619392053	418.25
FBgn0033969	792	164.419649792417	718.25
FBgn0034082	769	82.9891580099674	541.5
FBgn0034031	496	195.919165061193	469.25
FBgn0034099	758	166.073100782721	654.25
FBgn0034105	756	62.4313510349952	462.75
FBgn0034121	679	26.7268220990026	248.25
FBgn0034122	823	193.384355374906	798.5
FBgn0034127	783	152.636496136773	686.75
FBgn0034129	871	549.004088927781	963
FBgn0034132	663	22.8288358565709	224.5
FBgn0034133	614	140.488355429674	441
FBgn0034144	650	21.2885325602978	205.5
FBgn0034173	794	120.41626726692	667.75
FBgn0034030	176	63.4287572266171	185.75
FBgn0034263	792	997.933612925707	901.25
FBgn0034435	786	79.2987530500508	567.5
FBgn0034205	430	119.030522597121	366
FBgn0034459	791	123.043586010584	662.5
FBgn0034461	702	235.609160124464	599.5
FBgn0034464	753	53.3312651627329	422.5
FBgn0034467	772	114.03399017611	611.5
FBgn0034477	878	841.254607120856	1001.5
FBgn0034253	200	50.4770329874489	156
FBgn0034483	838	284.623073674082	866.5
FBgn0034546	710	56.2459904839505	354
FBgn0034560	804	105.818243267843	660
FBgn0034592	616	50.8730195358085	252.5
FBgn0034499	446	980.117747715615	613.75
FBgn0034601	721	52.0575495283612	356.5
FBgn0034651	837	231.691739874717	838.75
FBgn0034687	96	28.513799146299	70.5
FBgn0034800	202	223.921294816225	421.5
FBgn0034658	622	21.1478552399648	187.25
FBgn0034816	865	611.853440087972	968.5
FBgn0034824	759	57.7246631703061	457.75
FBgn0034825	755	94.3089249387133	536
FBgn0034826	869	323.927142333561	907.5
FBgn0034737	145	67.9860714903749	186.25
FBgn0034827	724	152.704618693128	564.75
FBgn0034835	697	58.821354605825	345.75
FBgn0034840	636	15.490845215806	185
FBgn0034841	747	85.9710555626724	490
FBgn0034842	765	118.004999550463	604.75
FBgn0034846	590	362.10056049676	562.5
FBgn0034844	755	69.6647323059015	478
FBgn0034882	724	48.3599384167946	353.75
FBgn0034828	200	95.4666043005794	271.5
FBgn0034907	743	45.5938779977653	378.25
FBgn0034974	830	1531.52341763851	972.75
FBgn0034957	207	148.139023423519	359.5
FBgn0034998	723	44.6000393802944	343.25
FBgn0035003	805	277.982383595181	816.75
FBgn0034863	463	192.954229956934	461.5
FBgn0035004	807	139.943252047206	718.25
FBgn0035005	707	54.7477725464612	345.75
FBgn0035007	867	297.714977165381	896.25
FBgn0035008	832	264.110861475203	851.5
FBgn0035021	860	546.417333149226	953.25
FBgn0035022	912	969.665430356088	1015.5
FBgn0035124	829	212.671313244882	818
FBgn0035143	617	179.832790502429	488.25
FBgn0035161	752	177.512388280447	645
FBgn0035196	715	35.2371118951512	309.75
FBgn0032535	62	31.9913764245215	70
FBgn0035218	712	53.1581717122177	343.5
FBgn0035263	882	636.630133314204	983.75
FBgn0035265	853	284.133834742391	879.75
FBgn0035273	687	613.383033433763	685.25
FBgn0035299	835	590.21684704045	936.75
FBgn0035380	805	233.2446108234	795.75
FBgn0035281	280	147.908919709782	374.5
FBgn0035398	496	439.228028959213	563.75
FBgn0035427	147	25.6518461424607	78.5
FBgn0035430	441	646.299311021084	587.25
FBgn0035384	660	32.2275585999582	243.25
FBgn0035455	778	542.337756422223	831.75
FBgn0035491	851	259.078474020379	871.25
FBgn0035510	424	390.435664715629	536
FBgn0035545	557	594.141784979581	602
FBgn0035546	434	419.042247520586	547.5
FBgn0035548	806	1328.28713263498	935.5
FBgn0035568	729	62.9368449237049	404.75
FBgn0035553	570	649.19177888155	613
FBgn0035585	527	231.371836468428	498
FBgn0035598	848	232.106860388812	849.5
FBgn0035657	781	105.21877063762	613.5
FBgn0035709	826	170.466247355153	781
FBgn0035496	82	24.2594525755794	56.75
FBgn0035724	674	80.4459028550674	382.25
FBgn0035776	806	106.13212756192	665
FBgn0035730	353	346.219376847953	510
FBgn0035782	832	316.546411580454	868.5
FBgn0035786	862	337.8596138093	907.25
FBgn0035800	834	207.446196886349	822.25
FBgn0035823	850	224.158140388534	847
FBgn0035844	349	252.229087752807	475.5
FBgn0035845	640	150.778237977244	472.25
FBgn0035915	807	123.482374026578	696.25
FBgn0035924	730	71.1071937990129	429
FBgn0035971	832	184.594187289565	802.5
FBgn0035952	169	92.8737760738647	251
FBgn0035988	816	131.16313996986	724.5
FBgn0036014	892	566.688216562478	978.75
FBgn0036029	825	184.812308072637	791
FBgn0036075	820	186.998140319275	786.25
FBgn0036082	633	22.968689535313	200.5
FBgn0036125	771	118.481587689174	616.75
FBgn0036156	794	238.279327638977	781.25
FBgn0036159	727	129.090904680779	540.25
FBgn0036160	780	119.535088081706	634
FBgn0036162	653	24.0033071469953	218
FBgn0036204	754	113.691921288414	570
FBgn0036214	542	172.722414672201	463
FBgn0036217	748	127.216240518273	574.25
FBgn0036218	682	56.9149714866743	329
FBgn0036222	807	160.502387566991	743.75
FBgn0036246	741	88.5304921522129	485.25
FBgn0036310	737	95.4763034324833	498
FBgn0036311	762	61.5200314865743	475.25
FBgn0036323	219	192.585751995195	410
FBgn0036325	673	454.796752193978	644.75
FBgn0036329	768	74.5867639015371	522
FBgn0036345	600	27.7070184763859	187.5
FBgn0036346	852	491.539719591782	936.5
FBgn0036403	742	272.41228891978	680.75
FBgn0036415	782	94.4255927059331	591.75
FBgn0036426	876	485.295095587955	954.75
FBgn0036437	847	839.179883961974	974.25
FBgn0036438	767	76.5277131461162	526.25
FBgn0036441	837	227.099986301185	835.25
FBgn0036443	793	703.57897004014	887.5
FBgn0036465	691	39.8006863269795	293.5
FBgn0036482	718	400.688300823725	682.5
FBgn0036490	809	407.393141697668	868.25
FBgn0036168	80	18.0982983393182	37.5
FBgn0036497	875	511.196178338133	958.5
FBgn0036590	506	479.441579100762	575.25
FBgn0036568	359	397.097041226722	526.5
FBgn0036597	657	807.138036627465	675
FBgn0036599	506	669.831790538102	605.5
FBgn0036608	893	662.973670282517	991.25
FBgn0036609	826	169.622648404417	780
FBgn0036652	853	512.736382113801	942.75
FBgn0036687	607	66.4250762417266	294.5
FBgn0036703	726	86.5855755067786	453.25
FBgn0036704	307	89.167143983233	282.5
FBgn0036706	739	89.9488718543575	485.75
FBgn0036729	721	84.4341712930602	442.5
FBgn0036784	794	117.398405893879	661.25
FBgn0036785	744	48.8027086548687	389.25
FBgn0036807	509	190.555385545313	471.25
FBgn0036619	82	2.18721969515362	18.25
FBgn0036808	611	381.457504197706	577.5
FBgn0036895	789	96.3732613109289	610.25
FBgn0036751	156	129.667109649487	318.25
FBgn0036881	275	160.094773978396	388.75
FBgn0036905	640	21.0809274899153	198.25
FBgn0036925	333	222.146069199392	452.5
FBgn0036941	623	170.671002810104	487
FBgn0036985	893	1299.79811336501	1020.75
FBgn0036996	92	38.5228825744673	94.5
FBgn0037037	730	76.1687001453925	444.5
FBgn0037040	720	67.5847604603398	402.5
FBgn0037064	763	102.404317034689	572.75
FBgn0037059	486	158.880365285018	430
FBgn0037101	719	38.9969758484403	326.75
FBgn0037147	754	54.5590846060028	432.5
FBgn0037170	855	534.304919703714	947.25
FBgn0037172	796	231.351068045979	776
FBgn0037191	754	111.041552432957	565.5
FBgn0037169	429	185.849272119535	446.5
FBgn0037320	890	806.412697408284	1004
FBgn0037325	674	114.876359125556	451.25
FBgn0037388	652	36.0085518961101	244.75
FBgn0037398	389	251.691240407865	480.5
FBgn0037416	822	644.426779709403	924.5
FBgn0037455	856	333.600082299411	899.75
FBgn0037456	798	166.516144452546	734.75
FBgn0037460	653	31.4875771969679	235
FBgn0037461	799	118.712692069701	673
FBgn0037463	698	40.6450925910934	303.5
FBgn0037483	807	171.084713540785	758.25
FBgn0037464	313	127.945257142529	359
FBgn0037486	829	163.780082687259	777.5
FBgn0037419	206	143.607565552078	351.5
FBgn0037500	383	23.1793214970216	135
FBgn0037502	773	450.844200945252	806.75
FBgn0037506	719	52.4582709532103	355.25
FBgn0037571	586	460.842272341769	588
FBgn0037616	718	74.6173801123446	418
FBgn0037664	810	130.448092152221	713.5
FBgn0037826	628	99.0197171190297	386.5
FBgn0037828	754	58.9669147099793	446
FBgn0037829	761	80.245943881029	521
FBgn0037860	792	93.1504464067537	607.75
FBgn0037862	798	109.254617473315	654.75
FBgn0037915	719	266.947757240295	640.75
FBgn0037420	91	24.9209000221952	61.5
FBgn0037939	730	49.0322243775223	366
FBgn0037986	726	98.991660547689	485.25
FBgn0037987	741	54.1859359874008	398.75
FBgn0037994	787	115.637362638169	642.25
FBgn0038000	635	140.621547156865	456
FBgn0038008	665	126.80318717167	460.75
FBgn0037970	115	49.0798009150286	123
FBgn0038018	786	145.269657676106	681.5
FBgn0037972	191	109.666592513791	297
FBgn0038078	754	739.5588833559	809.5
FBgn0038097	771	102.667591276886	588.75
FBgn0038123	828	879.375138573384	953.5
FBgn0038126	769	957.21430545539	855.5
FBgn0038127	786	121.968200358912	651
FBgn0038163	793	97.0352924074527	620
FBgn0038200	845	203.999924473082	831.75
FBgn0038208	753	51.2689076015898	417.5
FBgn0038209	821	185.602459564512	786.25
FBgn0038210	706	46.7484394052446	319.75
FBgn0038213	653	373.715572340696	602.5
FBgn0038225	812	182.756176736341	774.25
FBgn0038248	697	54.9540449308514	335.25
FBgn0038258	601	85.284900006605	333.5
FBgn0038266	816	447.727113103436	887.5
FBgn0038280	745	92.057950495577	500.75
FBgn0038345	679	134.433152154738	489.75
FBgn0038355	797	112.381583190947	658.5
FBgn0038359	690	31.2336351709654	270.5
FBgn0038361	639	382.38604453637	596
FBgn0038095	130	32.8876630092874	93.5
FBgn0038218	158	120.265147551911	302
FBgn0038377	717	117.657877113823	503.25
FBgn0038423	756	84.1305018459184	514.25
FBgn0038405	161	54.3159336295876	153.5
FBgn0038448	270	264.867735137791	462
FBgn0038445	754	156.299830347	628.5
FBgn0038458	667	596.842052648006	662.75
FBgn0038511	335	187.21687702572	432.75
FBgn0038486	699	71.2287334789091	383
FBgn0038539	783	91.8148608825946	585.25
FBgn0038525	286	153.848954207262	384.75
FBgn0038558	229	131.272537750896	346.5
FBgn0038565	802	188.13902521897	762.5
FBgn0038466	38	10.6087219510449	19
FBgn0038567	751	750.585334301797	799.75
FBgn0038598	838	241.057658594907	849.5
FBgn0038595	192	75.1621965849853	225
FBgn0038607	781	337.169420521455	789.5
FBgn0038630	783	93.0502375099318	589.75
FBgn0038655	829	166.68921035587	783
FBgn0038694	793	104.578239536106	636.5
FBgn0038697	737	53.6514702896291	391
FBgn0038706	627	14.6619570551429	177.75
FBgn0038708	733	47.6693094217426	370.75
FBgn0038690	306	41.7783140329198	164
FBgn0038709	726	47.8628437578955	354.25
FBgn0038819	122	8.985308832038	39
FBgn0038797	745	64.3922410288909	436.75
FBgn0038820	196	55.9926300348205	171
FBgn0038892	744	115.476546890496	546.75
FBgn0038915	693	351.825630755118	636.25
FBgn0038921	714	128.246598013215	516
FBgn0038934	790	156.549742465261	704.75
FBgn0038846	145	90.8161596738049	236.75
FBgn0038944	669	30.6587995457942	249
FBgn0038952	796	312.143855149903	811
FBgn0038978	425	43.4835146026366	188.5
FBgn0038979	733	48.1475024784962	372.25
FBgn0038958	275	344.1029474499	490.75
FBgn0039010	757	107.173540283452	570.5
FBgn0039070	790	207.255215729689	750.25
FBgn0039071	679	21.6030754408216	236.25
FBgn0039083	844	624.796885288172	952
FBgn0039088	682	23.335310151799	246.5
FBgn0039027	211	143.676756164714	353.75
FBgn0039104	713	46.4706677014225	327.75
FBgn0039147	627	317.84549104549	567.25
FBgn0039131	34	7.94443708005103	15.5
FBgn0039192	677	59.2855335579058	329.5
FBgn0039217	74	20.1208920077505	41
FBgn0039235	455	124.60989212015	380.75
FBgn0039246	657	28.6126475187428	229
FBgn0039331	616	113.725151561544	402.5
FBgn0039343	793	111.828786410739	650
FBgn0039366	729	39.0515482435048	344.5
FBgn0039367	729	39.0515482435048	344.5
FBgn0039369	840	317.142953237323	878.75
FBgn0039370	857	468.153062899647	938.5
FBgn0039371	868	392.708369507684	931.5
FBgn0039373	623	12.4668550378222	172
FBgn0039374	722	47.0227401382283	346.5
FBgn0039395	750	59.6915615825683	435
FBgn0039398	743	65.0676054892646	432.25
FBgn0039425	796	123.093267100122	674.5
FBgn0039435	776	708.539244322506	853.5
FBgn0003089	504	431.108743702521	565.75
FBgn0003132	746	140.747119973806	590
FBgn0003187	870	367.624578621989	922.5
FBgn0003545	641	387.555446622895	600.75
FBgn0003889	814	154.195388552257	748.75
FBgn0003950	273	145.906477945625	368.5
FBgn0003886	576	182.93152620494	474
FBgn0004052	605	510.24412225932	601.75
FBgn0004171	765	61.4099539326649	481.25
FBgn0004172	762	129.360534192995	619
FBgn0004173	772	122.320393790179	625
FBgn0004174	669	37.6640495954824	268
FBgn0039145	74	10.800783097335	26.25
FBgn0004577	292	229.098379939679	445.5
FBgn0004777	133	22.5171296314212	67
FBgn0004780	602	1031.92337003269	649.5
FBgn0004782	407	561.09560104029	566.5
FBgn0004783	656	1007.35213397463	683
FBgn0005664	400	500.972144808018	553
FBgn0039480	369	379.531696415808	522.5
FBgn0004175	706	30.8580846546325	285.25
FBgn0039491	804	133.327914565128	707
FBgn0039498	727	297.369880339506	660.75
FBgn0039085	56	20.8917284563949	39
FBgn0039501	802	116.877077032296	673
FBgn0039503	430	86.2494907207789	297
FBgn0039518	838	247.871268973863	851.5
FBgn0039576	861	315.886259252406	895.5
FBgn0039481	259	205.324614769787	426
FBgn0039577	782	209.708496272213	736.25
FBgn0039669	645	715.80601490674	660.5
FBgn0039694	845	524.594692316458	937.25
FBgn0039686	315	166.139865033407	408.25
FBgn0039707	830	169.05606009069	787.25
FBgn0039728	337	358.8183647934	511.5
FBgn0039758	85	75.1123066967233	189.5
FBgn0039752	738	234.861679382215	656
FBgn0039788	648	250.889481162258	556
FBgn0039792	732	56.0475946268408	394
FBgn0039796	770	68.3212424557758	508.25
FBgn0039759	143	165.030665693488	354.5
FBgn0039805	370	275.112985607941	488
FBgn0039797	785	80.9285939905095	569.25
FBgn0040343	211	81.3782505508194	244.75
FBgn0040356	757	494.673091009577	782
FBgn0040368	901	773.227308881984	1004.5
FBgn0040371	655	27.874751505307	225.5
FBgn0040508	806	254.415718502349	812
FBgn0040496	254	120.242368469721	332
FBgn0040601	105	19.1989472625895	51.5
FBgn0040608	94	18.7310415388365	46
FBgn0040629	108	5.54463815560345	32
FBgn0040252	161	56.9008019899732	162
FBgn0040519	769	70.391638941765	512
FBgn0040637	363	429.492492156234	536.5
FBgn0040688	252	179.062134648817	404
FBgn0040679	755	165.871407240875	644.5
FBgn0040699	297	288.858188558281	476.5
FBgn0040747	581	65.8409315211335	281.25
FBgn0040794	412	586.390536133979	569.5
FBgn0040812	841	344.368312722074	891.25
FBgn0040817	312	198.848179120642	435.25
FBgn0040816	591	58.8438283176621	266.75
FBgn0040859	802	146.029502495879	714
FBgn0040904	740	107.595138172319	528
FBgn0040963	748	54.2116480923321	412.75
FBgn0040843	233	93.3680174043801	274.5
FBgn0040996	829	232.187225287218	829
FBgn0042179	835	708.43346986723	954.75
FBgn0042189	601	10.5902481125687	154.5
FBgn0042198	822	247.845561850169	827
FBgn0042710	740	56.1184110514652	405.5
FBgn0043025	741	112.641514620957	538.25
FBgn0042201	298	161.227676469652	396.5
FBgn0045827	732	53.3429042783574	383.75
FBgn0046294	660	22.3695897352431	218.75
FBgn0046297	616	12.4544551890451	164.5
FBgn0046332	803	105.963527985249	658.75
FBgn0046697	570	207.958190442698	491.5
FBgn0046253	236	229.579809262945	433.25
FBgn0046793	844	221.430552983392	840
FBgn0046873	756	324.887419519251	736.25
FBgn0046875	311	239.666745034185	460.5
FBgn0047338	713	59.531961295504	367.25
FBgn0047351	782	98.4015864568954	600.25
FBgn0047095	212	89.0600630394267	259.5
FBgn0050039	739	62.9854221871924	422.75
FBgn0050045	170	104.524889907689	279
FBgn0050093	667	383.410308259574	620.75
FBgn0050110	731	131.936838112697	556.25
FBgn0050177	818	263.639831046263	831.5
FBgn0050192	826	175.210069927856	785.5
FBgn0050222	595	40.5169374425977	222.5
FBgn0050268	713	98.4169677624077	461.25
FBgn0050275	769	78.4563802661034	534
FBgn0050278	652	26.4725735336781	219.75
FBgn0050293	731	62.3462765996183	408.75
FBgn0050334	392	363.231442858005	521
FBgn0050350	817	130.495797259969	724.5
FBgn0050362	698	79.4133931825349	403.5
FBgn0050363	793	98.1562023423299	622.75
FBgn0050364	799	146.754161584465	710.75
FBgn0050365	799	146.754161584465	710.75
FBgn0050366	793	98.1562023423299	622.75
FBgn0050369	804	218.909376077706	783
FBgn0050376	730	45.3609472274331	356.5
FBgn0050378	764	72.0866759364748	508.5
FBgn0050384	701	95.5745103144484	440.5
FBgn0050412	686	22.6332495991614	246.25
FBgn0050429	749	67.4966052716779	453
FBgn0050098	166	50.7511788289787	144
FBgn0050461	120	32.354229059853	87.75
FBgn0050430	693	43.5866715441976	301.75
FBgn0050487	766	128.418539744744	624.5
FBgn0051007	584	15.9014512757774	158.5
FBgn0051008	736	49.4647833799659	378.5
FBgn0051010	820	166.775604516272	769.25
FBgn0050462	120	32.354229059853	87.75
FBgn0051013	470	159.036066815958	428
FBgn0051028	242	205.658048901278	422.5
FBgn0051029	689	36.7608383271676	283
FBgn0051055	803	923.208231277811	919.25
FBgn0051088	834	958.643176513474	967.25
FBgn0051099	768	129.613158143543	632
FBgn0051139	300	209.485466126296	439.25
FBgn0051141	777	74.3417596573963	536.25
FBgn0051204	438	118.196060367034	367
FBgn0051206	754	62.2541774068206	454.5
FBgn0051226	751	65.7183632884769	450.75
FBgn0051245	680	30.8346527077135	260
FBgn0051213	215	52.4776585989918	166.5
FBgn0051281	794	138.112716496507	692.75
FBgn0051294	605	369.09916166072	569.75
FBgn0051327	757	71.8981693543064	492
FBgn0051358	787	150.466073000739	691.75
FBgn0051391	787	119.151068778057	648.75
FBgn0051459	653	29.7066076648959	229.5
FBgn0051482	762	87.8765282287373	536.75
FBgn0051407	716	846.224663713701	740.25
FBgn0051501	326	149.683012939658	391
FBgn0051533	753	76.6854149308543	491.5
FBgn0051538	772	135.760113869412	647
FBgn0051542	746	47.4601460246616	390.25
FBgn0051624	755	69.9206896215808	479
FBgn0051546	518	63.6566998132096	267
FBgn0051639	676	32.4448058398928	262
FBgn0051644	783	86.4345542922369	573.25
FBgn0051679	774	94.326009378884	576.25
FBgn0051682	877	705.828322820586	991
FBgn0051693	779	78.4906054361852	550.75
FBgn0051700	807	433.926595423934	872.75
FBgn0051702	732	159.343708701379	590
FBgn0051730	847	238.008337533558	854.75
FBgn0051773	804	117.482802421241	678.5
FBgn0051784	743	54.2343186806686	403.25
FBgn0051787	859	604.807185226289	961.25
FBgn0051788	799	236.32336466233	788
FBgn0051802	625	50.3172398021282	258.5
FBgn0051804	826	153.647561052804	759.5
FBgn0051806	523	143.33135328506	421.5
FBgn0051816	605	68.9367538767273	299.25
FBgn0051820	667	29.0197623156409	240.75
FBgn0051851	511	518.54357447633	585
FBgn0051858	829	327.079434595233	869
FBgn0051870	659	18.4507492954821	206
FBgn0051874	811	115.8564398236	689.25
FBgn0051861	205	21.9345915236827	91
FBgn0051882	851	329.285714102662	894.75
FBgn0051907	728	608.261339637928	738
FBgn0051909	712	250.746999766043	618.5
FBgn0051910	756	94.1704740191704	537.75
FBgn0051913	472	40.3770358667217	195
FBgn0051921	783	100.064879594683	608.25
FBgn0051948	711	43.7686700059354	320.75
FBgn0051949	875	401.187759870894	937.5
FBgn0051988	717	33.1913659815323	309.25
FBgn0052026	760	70.3002268450912	493.25
FBgn0052061	805	117.368901008368	679.75
FBgn0052064	605	10.6112947064702	157.75
FBgn0052081	779	75.723261425057	544.75
FBgn0052086	757	121.397973541699	593.5
FBgn0052087	493	377.937345286387	544.5
FBgn0052106	795	103.942144834419	639.5
FBgn0052117	702	49.4639820099119	323.5
FBgn0052119	822	156.321477499363	757
FBgn0052141	767	77.7142082978244	528.75
FBgn0052161	504	16.1354435170941	142.75
FBgn0052181	791	89.3724702800899	596.5
FBgn0052192	832	174.617462419636	795.5
FBgn0052238	783	351.332093092712	799.25
FBgn0052240	777	111.77296123507	615.75
FBgn0052298	691	71.9296747328324	378.25
FBgn0052299	691	71.9296747328324	378.25
FBgn0052351	816	129.089738437302	719.5
FBgn0052160	250	161.319751332947	385.25
FBgn0052371	735	76.1656481935685	453.5
FBgn0052396	734	109.263835379865	522.5
FBgn0052436	774	68.7430271447685	515.25
FBgn0052437	789	98.9458047670492	617.25
FBgn0052440	850	897.490829279879	980.5
FBgn0052445	696	35.296847890205	287
FBgn0052450	735	53.9319233940316	389.5
FBgn0052459	756	72.6532658061229	491.75
FBgn0052487	822	375.713142370538	873
FBgn0052488	836	235.646657402228	842
FBgn0052499	395	324.332468832671	508
FBgn0052548	759	60.6049953481652	465.75
FBgn0051779	46	28.0259446282611	55.5
FBgn0052591	850	239.284343113834	859
FBgn0052643	670	358.557156982597	617.25
FBgn0052651	841	322.390749955218	881.75
FBgn0052652	724	37.5303114823026	331.25
FBgn0052655	784	99.1804551179015	609.75
FBgn0052657	702	102.590645997768	456.5
FBgn0052660	859	354.554578451134	909.25
FBgn0052690	827	250.014116806745	835.75
FBgn0052703	807	217.21668995256	788.75
FBgn0052602	124	91.2722835703863	233
FBgn0052832	812	163.32899092545	755.25
FBgn0052971	422	417.7658617837	542.25
FBgn0052719	536	35.7050575747562	199
FBgn0052988	721	1253.86973300023	761.5
FBgn0053017	629	16.892585957085	183.75
FBgn0053125	693	76.5071187887044	392.25
FBgn0053136	753	67.4619028197612	464
FBgn0053140	905	667.965976598649	993.5
FBgn0053191	828	291.284637907805	853.5
FBgn0053218	659	503.121032630356	637
FBgn0053284	781	119.772063575922	637
FBgn0053286	702	664.296133357584	706
FBgn0053287	811	270.949107642686	825.75
FBgn0053285	171	29.0828781599167	95.25
FBgn0053293	892	511.527834216803	967.75
FBgn0053319	703	535.447796594045	689.75
FBgn0053309	185	25.4136692218053	92.5
FBgn0053322	812	240.690079595047	815.25
FBgn0053489	767	146.962542819333	648.25
FBgn0053490	630	421.329077447157	603.5
FBgn0053664	730	154.482640727743	578
FBgn0053665	741	148.060416811862	587.75
FBgn0053667	709	162.95906541164	549.5
FBgn0053668	653	52.1955357725182	281.5
FBgn0053669	810	183.184319330802	770.5
FBgn0053704	642	29.1952163821781	220.75
FBgn0054012	580	30.1975775657535	190.75
FBgn0054021	473	149.010901096099	417.25
FBgn0052580	85	1.93343814128114	19
FBgn0053530	88	20.7632079313339	47.25
FBgn0058198	142	18.1723967787289	57
FBgn0054049	811	193.09413048336	783.75
FBgn0061197	821	151.643802673017	749.75
FBgn0063261	798	128.651756253531	687.25
FBgn0064119	788	86.3166378602076	582.25
FBgn0064912	776	87.7637748355232	561
FBgn0069913	728	168.171111179092	590.5
FBgn0058354	156	39.0446355997416	115.25
FBgn0083943	719	56.0633256969569	369.75
FBgn0083970	503	580.538731851991	588.5
FBgn0085190	872	506.235035303394	956
FBgn0085196	391	537.596247697227	559.5
FBgn0085199	503	78.9795325471055	300.5
FBgn0085201	94	36.7846196570141	92
FBgn0085204	856	524.727829744399	947.75
FBgn0085233	771	68.7864315779267	510.75
FBgn0085239	791	110.864949290845	642
FBgn0085303	798	132.85585024657	695.25
FBgn0085211	369	605.705677876169	568
FBgn0085306	746	47.4601460246616	390.25
FBgn0085310	126	12.8561546701767	45.25
FBgn0085315	89	8.50238246336099	28.5
FBgn0085356	504	605.530758602198	594.25
FBgn0085321	711	104.675063550212	471.25
FBgn0085454	503	155.866585780171	429
FBgn0085464	617	387.331403426546	584.25
FBgn0085486	742	147.640693846621	587.75
FBgn0086915	809	111.498295470892	678.25
FBgn0086265	35	6.5810998239305	14.5
FBgn0250825	779	71.7937130839032	532.75
FBgn0250826	675	37.2911150498155	272.75
FBgn0250840	679	32.6512562972394	265.25
FBgn0086916	474	283.022241183989	510
FBgn0250845	673	29.9762503114342	250.25
FBgn0250846	793	100.640553155545	630
FBgn0065066	12	0.180277335583661	4.5
FBgn0085766	209	152.459762070527	364.5
FBgn0250904	162	45.6351617093261	129.75
FBgn0250849	689	31.5772139421593	270.75
FBgn0259184	249	64.002817567979	207.75
FBgn0259223	774	454.028674332383	809.75
FBgn0259739	800	112.413904095125	665
FBgn0260230	774	72.7048656721223	529
FBgn0260231	774	72.7048656721223	529
FBgn0260428	827	171.107888155709	784.75
FBgn0260434	643	21.7723842245103	204.25
FBgn0260453	702	70.8591276457296	384.75
FBgn0260454	702	70.8591276457296	384.75
FBgn0260459	746	123.206739058768	565.5
FBgn0260466	788	86.3166378602076	582.25
FBgn0260479	369	264.176077240886	484
FBgn0260480	828	253.563136079681	842
FBgn0260761	617	104.938426079305	390
FBgn0260758	798	199.118220134283	762.75
FBgn0260762	617	104.938426079305	390
FBgn0250816	53	12.8182035989128	23.5
FBgn0260653	237	84.9885636299139	255.75
FBgn0260776	752	117.336456698517	567
FBgn0260967	190	54.6119533304208	165
FBgn0260969	710	559.087374225068	700
FBgn0260996	774	127.81992430454	636.25
FBgn0261341	162	28.1356259947276	89.25
FBgn0261287	685	61.1200428761437	342.5
FBgn0261502	781	97.7052839883711	596
FBgn0261522	636	97.3205117033306	385
FBgn0261529	743	415.18960568408	729.75
FBgn0261531	670	18.5987602433494	220.75
FBgn0261536	862	337.8596138093	907.25
FBgn0083055	10	0	2.75
FBgn0261504	200	115.314668123258	309
FBgn0261537	862	337.8596138093	907.25
FBgn0261582	739	44.2215648161119	370.25
FBgn0261429	161	29.2506775001845	92
FBgn0261686	617	61.2572400745526	287.25
FBgn0261567	65	16.0797371999213	31.5
FBgn0261806	514	935.891421145974	627.5
FBgn0261807	315	164.06432632116	405.25
FBgn0261816	781	158.959753661682	689
FBgn0261835	773	98.6484928660786	584.25
FBgn0261996	716	1161.84353196596	751.25
FBgn0261998	667	169.868521089765	519.25
FBgn0262002	732	52.5300748883749	381
FBgn0262095	662	36.2212343154616	256.75
FBgn0262036	422	465.356203957887	551.75
FBgn0262097	778	107.390239526515	610.75
FBgn0262098	752	111.884627688523	560.5
FBgn0262100	833	234.196113553465	837
FBgn0262485	752	81.0720477464698	496
FBgn0262566	757	560.029000514533	796
FBgn0262568	714	43.1725552333155	324.5
FBgn0262364	25	3.36777530557243	7
FBgn0262581	834	705.924566648916	952.75
FBgn0262592	634	640.245119216005	640.5
FBgn0262687	843	209.445016289699	832.75
FBgn0262787	784	109.385384949166	628.75
FBgn0262790	286	66.0813673780632	222.75
FBgn0262791	810	182.40891047614	768.25
FBgn0262807	286	66.0813673780632	222.75
FBgn0262836	810	182.40891047614	768.25
FBgn0262882	789	101.165069802373	621.75
FBgn0262837	286	66.0813673780632	222.75
FBgn0262966	759	226.294509149725	699.75
FBgn0262985	812	554.005649016295	902.75
FBgn0263032	669	88.6765478187537	392.75
FBgn0263026	727	315.976442782536	667.25
FBgn0263033	669	88.6765478187537	392.75
FBgn0011244	706	33.8526484172727	295.25
FBgn0011270	601	18.9810214517399	169.5
FBgn0011273	722	47.0227401382283	346.5
FBgn0013300	793	130.663885904266	683.5
FBgn0010052	31	4.22352373971981	10.25
FBgn0011706	119	51.0532871708673	128.5
FBgn0013681	181	98.6918928150054	272.75
FBgn0262532	67	2050.83336298784	524.75
FBgn0013301	760	91.171485765704	539.25
FBgn0013688	99	55.3687756632373	139
FBgn0013699	540	515.486145849555	589
FBgn0263132	237	83.3158697979842	253.75
FBgn0010423	213	47.0165585765472	151.5
FBgn0263324	823	163.456706680157	767.5
FBgn0013704	67	20.1676292068372	40.25
FBgn0263442	744	1155.48398785156	800
FBgn0263493	59	13.0263462079935	25.5
FBgn0263387	689	31.5772139421593	270.75
FBgn0263647	761	67.8445225091098	488.5
FBgn0263583	340	290.322981915028	487.5
FBgn0263982	661	27.7256094130551	231.25
FBgn0264309	793	404.842460723603	838
FBgn0264364	732	53.3429042783574	383.75
FBgn0264506	418	553.074001085077	567
FBgn0264510	715	773.354078090092	734.75
FBgn0264544	830	700.850586212259	946
FBgn0264545	830	700.850586212259	946
FBgn0263406	81	5.96401612697654	22
FBgn0264711	166	33.443771025435	107.5
FBgn0264600	722	167.066609554223	580.75
FBgn0264993	796	303.150253236654	808.5
FBgn0265263	678	32.8760802316184	264.25
FBgn0264906	74	10.800783097335	26.25
FBgn0265265	784	82.8511933333895	570.25
FBgn0265269	767	69.0243820747731	504.25
FBgn0265271	810	132.300975817754	716.5
FBgn0265266	135	105.002135571815	269.5
FBgn0265295	504	312.011327812488	524.75
FBgn0263248	94	33.7939435433038	86
FBgn0265508	570	696.135708593323	619
FBgn0265648	844	673.141174295642	959
FBgn0265649	756	1386.28160827164	837.25
FBgn0265342	198	184.000676787475	393.5
FBgn0265963	675	654.862051792184	679.25
FBgn0266021	767	1363.02596485489	860.75
FBgn0266437	43	14.3105672098001	25
FBgn0266382	157	31.2803470327174	96
FBgn0266436	754	127.098390244621	591.5
FBgn0266691	249	126.078850395685	338.25
FBgn0266577	194	192.261460320852	399.75
FBgn0266859	85	4.77476731291837	23
FBgn0266925	263	188.37075356224	416.75
FBgn0266798	791	187.179236213732	739
FBgn0267042	667	360.260905420137	613.25
FBgn0267043	787	686.579428161766	871.75
FBgn0267044	777	1424.88503306682	879.25
FBgn0267045	805	1037.915487261	929.25
FBgn0267046	863	309.455029414164	895.5
FBgn0267047	885	500.227044976763	962.5
FBgn0267048	860	594.32326836616	960.75
FBgn0267049	807	369.846700898661	852.75
FBgn0267112	230	165.067236151493	385
FBgn0267050	796	312.8424926655	811.5
FBgn0267152	491	232.966428225479	489
FBgn0267326	882	682.526382342137	990.75
FBgn0267366	657	169.294725501444	507.5
FBgn0267383	622	38.5435256491508	231.75
FBgn0267411	698	36.9145183796861	294
FBgn0267413	739	57.6031026934953	407.25
FBgn0267417	716	53.9077742145909	353.75
FBgn0267418	812	195.073027648602	787.25
FBgn0267113	166	156.592231715188	354
FBgn0267419	619	16.0812226162761	175.75
FBgn0267432	765	171.30018678819	677.75
FBgn0267433	681	144.024443529538	500.25
FBgn0267490	768	94.8016735230009	567.5
FBgn0267471	123	15.4634194790687	47.5
FBgn0267496	177	93.5241308968539	258
FBgn0267499	149	60.0555896730286	166.75
FBgn0267500	181	73.5180912275837	216.25
FBgn0267502	181	103.939942372933	281.75
FBgn0267503	181	73.191814341498	215.75
FBgn0267512	187	103.732587998155	283
FBgn0267492	767	92.880259044393	558.25
FBgn0267550	506	669.831790538102	605.5
FBgn0267592	765	104.670202267917	582.25
FBgn0267660	737	778.181229060509	775
FBgn0267721	717	55.0804121326078	361.25
FBgn0267495	154	33.1279731152914	100.5
FBgn0267727	758	53.7853443638505	441.75
FBgn0267794	626	220.175741257106	522
FBgn0267985	224	94.2015599385071	275
FBgn0270925	689	23.7221446168525	252.5
FBgn0283476	591	921.979806637372	639.75
FBgn0267777	126	13.2513426297946	46.25
FBgn0014179	837	267.904461701863	859.75
FBgn0014454	361	284.186803147558	488
FBgn0014859	139	50.2524481467635	131.5
FBgn0015008	802	378.622108539513	845
FBgn0015770	762	129.360534192995	619
FBgn0015574	506	219.77196360358	486.25
FBgn0017456	687	158.203291701389	522.75
FBgn0019828	662	18.0810080204861	209.25
FBgn0020371	751	67.0933708607145	456.75
FBgn0020643	31	3.94829131527908	9.5
FBgn0020644	31	3.94829131527908	9.5
FBgn0020765	101	13.4393935358816	40.25
FBgn0020908	197	62.4833289888627	191.25
FBgn0022702	284	275.967704269391	468.5
FBgn0024977	283	253.080615168141	461
FBgn0020399	479	232.388343365249	487.5
FBgn0024989	319	178.346416842121	421.5
FBgn0025378	753	76.8826448686465	492
FBgn0025573	668	696.014280092101	677
FBgn0025739	176	39.0330419448656	123.25
FBgn0025821	776	521.347040985738	824.5
FBgn0025616	769	91.0507495701804	557
FBgn0026136	791	106.766749546743	636
FBgn0026141	731	55.9529930038365	389.75
FBgn0026077	415	305.898636501109	502.5
FBgn0026563	779	252.910001912199	755.75
FBgn0027376	745	247.988229780046	676.75
FBgn0027600	430	355.9240005297	526.5
FBgn0028379	758	163.153819378423	649.75
FBgn0028513	718	41.9564628881659	330.5
FBgn0028531	780	75.0863916638914	545
FBgn0028544	443	373.774506158727	535.5
FBgn0028560	608	39.8796558217078	227.25
FBgn0028561	635	107.762269862287	407
FBgn0028567	748	66.6023430241487	449.25
FBgn0028669	643	550.398146397785	635.25
FBgn0028838	765	87.6586474410983	541.75
FBgn0028847	695	29.7707561927778	271
FBgn0028857	850	335.020439688776	895.5
FBgn0028868	807	197.281525063542	779.25
FBgn0028880	883	421.273387166452	949
FBgn0028892	717	52.8441136962848	351.75
FBgn0028893	706	104.444602541566	463.75
FBgn0028901	755	92.5503152752329	529
FBgn0028902	730	46.0881206853257	358
FBgn0028903	824	158.590207010532	762.75
FBgn0028913	785	334.729007664985	798.25
FBgn0028935	714	122.355838477103	506.5
FBgn0028938	562	595.834423405676	603.5
FBgn0028941	799	287.11507845545	809.5
FBgn0029084	875	639.053606166651	978.5
FBgn0029153	750	66.1946333849352	452.25
FBgn0029154	750	66.1946333849352	452.25
FBgn0029501	761	157.904143027703	649.5
FBgn0029539	619	47.5667314799436	248.25
FBgn0029552	889	926.70123269257	1009.5
FBgn0029659	718	33.294688536331	312
FBgn0029661	877	734.389111782844	994
FBgn0029700	802	126.038907946938	688
FBgn0029662	568	744.08009509557	624.5
FBgn0029702	716	34.6075118032079	310.25
FBgn0029703	837	411.285457406819	907.75
FBgn0029717	823	1049.20437194247	955
FBgn0029725	608	188.044635339709	492.25
FBgn0029730	828	215.283338274744	816
FBgn0029745	834	535.271534186676	926.75
FBgn0029750	757	96.0323280650952	546.5
FBgn0029752	751	84.2534177874166	496.75
FBgn0029812	801	152.179073030198	721
FBgn0029816	727	125.327635588585	531.75
FBgn0029946	760	74.7645776173519	506.75
FBgn0029947	665	23.0946662778973	226.75
FBgn0029949	726	49.8507495053079	358.75
FBgn0029831	171	54.2328863988614	157.25
FBgn0029951	757	69.7453935440959	485
FBgn0029836	120	36.8378006485264	99
FBgn0029952	637	89.1214483092514	366.5
FBgn0029963	617	22.3039575330466	187.25
FBgn0029989	789	1254.34087150052	901.25
FBgn0030015	700	71.6709215149185	384.5
FBgn0030033	751	60.9899406942011	441.25
FBgn0030191	697	64.3006390221803	360.75
FBgn0030215	718	200.969595013231	600.5
FBgn0030224	740	91.7380810629949	490
FBgn0030247	763	87.4340293987308	537.25
FBgn0030277	753	56.3192122233855	435.5
FBgn0030278	812	143.276245323514	729.75
FBgn0030280	651	26.3748439264746	218.5
FBgn0030283	686	79.4621427701198	391.75
FBgn0030319	710	70.1040049468236	390.5
FBgn0030116	318	236.932951704636	462
FBgn0030356	792	170.835882069309	727.75
FBgn0030357	641	725.47851106162	658.25
FBgn0030376	788	97.6041872993269	610.5
FBgn0030398	760	827.884888156946	831.25
FBgn0030384	531	56.0156539131184	247.5
FBgn0030462	693	166.333517970516	540.25
FBgn0030578	813	138.61008421304	728
FBgn0030624	776	96.6048892770502	583.5
FBgn0030697	722	72.4200894122026	419.75
FBgn0030763	441	426.250369419078	551.75
FBgn0030770	867	334.712064718617	909.75
FBgn0030780	872	382.624924745464	929.5
FBgn0030814	780	149.291865519587	675.5
FBgn0030823	849	798.562817132556	973.75
FBgn0030826	256	187.005188628678	413
FBgn0030829	596	737.916068416755	632
FBgn0030933	783	108.746955452778	624.25
FBgn0030830	410	563.067004701426	567.5
FBgn0030952	744	87.2440325684006	487.25
FBgn0030955	455	671.298226860904	594.25
FBgn0030975	754	58.4156566533188	444
FBgn0031085	731	107.011462527103	513.25
FBgn0031103	659	29.2061280751897	233
FBgn0031001	335	391.866886986445	522.25
FBgn0031108	575	58.3434500228471	260.25
FBgn0031130	801	467.729832784289	865.5
FBgn0031139	752	79.6695087133501	494
FBgn0032505	1	0	1.25
FBgn0031134	505	36.218926734263	192.5
FBgn0031164	608	77.6459184812381	325.75
FBgn0031208	427	343.526457453677	521
FBgn0031295	865	299.912776413465	894.5
FBgn0031301	473	140.476317964846	405.75
FBgn0031323	730	47.9744908049237	364
FBgn0031332	736	60.3129728613926	411.5
FBgn0031333	714	55.8520166770969	357
FBgn0031335	755	74.8228556272375	494
FBgn0031343	707	40.3213282462141	311.25
FBgn0031347	866	294.536262853554	894
FBgn0031372	843	229.28670489903	842.75
FBgn0031407	763	77.654024907528	520.75
FBgn0031410	770	102.741409763382	587.75
FBgn0031443	881	401.80694758425	943
FBgn0031462	746	384.661574934696	728
FBgn0031476	780	147.707283232389	672
FBgn0031501	713	93.7930960102524	449.25
FBgn0031526	855	257.509091323542	873.75
FBgn0031542	296	309.993729559414	481.75
FBgn0031545	674	21.6028236522433	230.75
FBgn0031546	839	501.921578460617	926.5
FBgn0031574	748	57.1955725306892	423.75
FBgn0031585	751	65.848347233977	451.75
FBgn0031620	702	58.9440852889529	352.5
FBgn0031626	782	86.822209298776	571.25
FBgn0031720	824	281.500323789416	843.75
FBgn0031722	877	495.846177269036	957.5
FBgn0031723	669	24.550228381558	236
FBgn0031724	728	74.3129589642449	432.5
FBgn0031728	750	62.4997505017184	443
FBgn0031751	724	70.7526532812461	416.25
FBgn0031756	152	134.703160836055	323.5
FBgn0031757	862	401.152283056422	927.25
FBgn0031758	744	1155.48398785156	800
FBgn0031785	709	58.1385250364756	356.5
FBgn0031786	865	317.660600582503	901
FBgn0030837	8	0.0789473684210526	3
FBgn0031176	2	1024	506
FBgn0031440	101	30.9827480257549	79.75
FBgn0031831	784	89.7475697452802	584.75
