gene	degree	betweenness	rank
FBgn0000146	40	27.1831316051174	49.75
FBgn0000337	79	161.024890996376	139.5
FBgn0001233	61	70.7223108846272	97.25
FBgn0001259	106	135.226449118293	158
FBgn0001311	63	9.5985066309629	57.75
FBgn0002939	72	71.2984903972693	109.75
FBgn0031925	114	225.307350117106	172
FBgn0031940	61	97.9802838992803	108.25
FBgn0031942	53	72.1044877842293	89
FBgn0032109	63	31.0888767363826	76.25
FBgn0032377	95	77.3693447673648	140.75
FBgn0032414	103	179.670523434873	162.25
FBgn0032538	92	69.8721591092326	129.75
FBgn0033308	83	63.4632140378423	119
FBgn0032639	73	91.6127100968675	119.5
FBgn0033667	77	23.1930001177549	84.75
FBgn0033623	17	6.25146162011644	17.5
FBgn0033730	102	166.357296064485	159.5
FBgn0033936	91	214.258748508207	158.5
FBgn0033774	55	37.9963650318141	74.75
FBgn0034098	72	241.750110221007	138.75
FBgn0034168	55	26.9757917527876	62.75
FBgn0034394	93	71.5088562792919	134.5
FBgn0034709	89	47.0509355625779	118
FBgn0032049	9	1.44448780950215	4.75
FBgn0033724	29	9.13117081002131	26.5
FBgn0035308	99	124.166984309484	152
FBgn0035281	51	3.9212642246261	33.75
FBgn0035398	78	24.4677380770094	86.75
FBgn0035143	59	105.578805692675	107.75
FBgn0035427	74	36.7973404390494	95.25
FBgn0034289	15	10.9492332709311	22.5
FBgn0035429	85	39.343372076007	109
FBgn0035076	49	31.0082085774988	58.5
FBgn0035316	70	172.626983770986	128.75
FBgn0035665	37	129.831251954666	90.25
FBgn0035918	39	17.5007448422587	41.75
FBgn0035921	70	14.5439628282498	69.75
FBgn0036363	9	32.9841723562514	38.75
FBgn0036080	38	10.6398498114108	35.25
FBgn0032187	8	63.6669154743383	54.5
FBgn0036417	78	97.2810786236408	127.25
FBgn0036568	25	36.4666151319324	48.75
FBgn0036181	46	10.0550856125542	39.25
FBgn0036585	58	46.0106907471331	82
FBgn0036595	95	256.53704480375	165.75
FBgn0036597	60	8.84980253222111	53
FBgn0036619	109	229.252159840769	170.5
FBgn0036881	52	3.54652167630639	33.75
FBgn0036877	57	54.3931017316154	85.5
FBgn0037174	53	24.7879866510749	57.5
FBgn0037195	55	52.1031022897587	81.25
FBgn0037415	74	76.1889459608331	116.25
FBgn0037030	92	75.3702329699603	135.25
FBgn0037419	71	80.8010021863841	114
FBgn0038203	42	25.0231504141315	48.5
FBgn0038511	54	4.95538687170431	40.5
FBgn0038095	105	191.845423276045	165.5
FBgn0038789	29	4.76843321976216	20
FBgn0038846	72	70.3024301428295	108.25
FBgn0038850	53	45.020946381145	75
FBgn0038466	52	147.295873568732	105.75
FBgn0038819	70	18.8481240857177	72.75
FBgn0039027	64	40.402029160754	86.25
FBgn0039155	90	70.0144672445077	128
FBgn0039052	74	74.7768740522283	114.75
FBgn0039217	72	52.3506081759501	100.75
FBgn0004379	76	122.294654133371	129.5
FBgn0004782	38	14.5395387819329	37.75
FBgn0003950	52	51.9764116628561	75.75
FBgn0004577	81	28.7460427059497	95.75
FBgn0039480	75	30.491577294219	89.75
FBgn0039805	81	32.5510846300303	99.75
FBgn0038851	7	31.3652208524272	35.5
FBgn0003863	24	12.8689393529101	28.25
FBgn0004783	28	5.84250385504344	20.5
FBgn0040001	65	10.4249402558255	62.5
FBgn0040060	32	100.045225098079	81.75
FBgn0040496	81	55.659217636848	114.25
FBgn0040637	50	7.25461676784151	37.75
FBgn0004959	50	53.616061915452	75.25
FBgn0040817	111	298.238380459524	174
FBgn0042207	56	83.6411502484408	99.25
FBgn0042711	71	28.5368473730811	82
FBgn0050025	16	1.79367709550144	9.25
FBgn0004777	24	4.52430706113221	16.25
FBgn0046258	90	100.824417040164	141.5
FBgn0050045	16	0.227961019490255	7
FBgn0046875	45	3.7551149833126	28.25
FBgn0050289	25	36.4804089711771	49.25
FBgn0050050	86	112.442164644954	139.75
FBgn0050401	88	71.6959131021191	129.25
FBgn0051055	81	67.4743495703603	118.25
FBgn0051084	63	25.5530260869963	70.25
FBgn0051131	104	143.960793712875	158
FBgn0051253	104	143.960793712875	158
FBgn0051407	58	9.02041664014415	51
FBgn0052055	103	126.121485754993	154.25
FBgn0051076	37	28.4312549429393	47.25
FBgn0053258	60	79.7702384019477	102
FBgn0053463	33	6.04035594952739	25.5
FBgn0053551	33	10.8885011164726	33.5
FBgn0065055	12	0.392833409280778	5.25
FBgn0052580	101	150.250921020808	158
FBgn0062565	41	21.3546911964022	45
FBgn0066293	22	32.3203716540209	42.5
FBgn0083970	88	211.851034876847	155.25
FBgn0085219	43	25.5901513636456	50
FBgn0085320	59	23.4729900546196	64.25
FBgn0085485	32	8.11044125080879	26.25
FBgn0085599	64	56.2691686527326	95.25
FBgn0050031	16	1.79367709550144	9.25
FBgn0082997	69	14.8450030930144	68.75
FBgn0250816	81	93.3095824552799	130.75
FBgn0086265	45	35.1435272061738	60.75
FBgn0259713	110	243.20758136054	172.25
FBgn0260453	64	43.0629684257898	87.5
FBgn0250815	33	23.1746960088672	40.5
FBgn0259715	32	8.17659326894763	26.75
FBgn0260454	64	43.0629684257898	87.5
FBgn0260997	52	33.8056707432246	65.75
FBgn0260479	86	72.9990908117538	128.25
FBgn0261429	110	177.128162426692	165.75
FBgn0261401	58	47.9053085273992	83.5
FBgn0261805	92	61.0625322268947	127.25
FBgn0261930	39	7.61911969504842	30.75
FBgn0262149	48	32.9252366489545	60
FBgn0262364	93	198.692498359859	160
FBgn0010358	16	1.79367709550144	9.25
FBgn0010314	49	17.174160208122	47.5
FBgn0262540	46	27.057849249352	52.75
FBgn0263337	68	86.4146648168588	111.25
FBgn0264997	23	4.38744344879773	15
FBgn0051004	4	9.25819714889331	15.5
FBgn0263442	81	182.38474070347	145.5
FBgn0264711	68	19.9730280365914	70.75
FBgn0265050	32	40.420484713209	56.25
FBgn0013688	60	82.9818851664164	103
FBgn0265508	96	196.899690916477	162
FBgn0265919	107	171.362333562297	163.5
FBgn0265168	40	126.194810614877	92.75
FBgn0266577	75	145.716694842007	133.25
FBgn0266437	79	30.0481951829789	94
FBgn0266925	79	29.5702026723154	93.5
FBgn0266691	76	52.7329604547941	106.5
FBgn0266933	90	64.6139865653988	126.5
FBgn0267012	86	76.3763992682392	130.75
FBgn0266838	51	138.431275322876	101.75
FBgn0267013	54	15.0515506643803	54
FBgn0267985	87	70.4695100041082	126.5
FBgn0014454	71	36.9169960121494	91.5
FBgn0015376	94	144.631383638749	154
FBgn0267659	74	105.11875959687	124.25
FBgn0024977	85	204.453621803422	151
FBgn0022702	77	34.0858097972174	96.75
FBgn0025393	70	75.7862726696682	109.75
FBgn0010359	16	1.79367709550144	9.25
FBgn0025835	49	14.8932649370657	46.5
FBgn0027074	69	524.619234918792	135.75
FBgn0027600	93	107.959804252972	147
FBgn0028544	56	4.98780653511286	44.25
FBgn0028855	76	56.1227010124183	108.5
FBgn0030477	54	34.2605142122378	70
FBgn0029662	55	11.0169990017981	52.75
FBgn0030688	67	91.9481848030768	112
FBgn0030780	85	46.9457492922783	113
FBgn0031142	86	43.3130042332768	113.25
FBgn0030981	92	88.0928553532828	140.25
FBgn0031301	63	117.135627993813	113.25
FBgn0030588	26	3.74999141327901	16
FBgn0031756	29	10.3495504761327	28.5
FBgn0266455	2	0	1
FBgn0030928	12	6.59797240431695	14.25
FBgn0031542	81	60.2224256451598	115.75
FBgn0031758	81	182.38474070347	145.5
