gene	degree	betweenness	rank
FBgn0000044	58	2667.67243521854	1305.5
FBgn0000045	11	314.309352632521	386.75
FBgn0000003	62	4237.54240661863	1467.25
FBgn0000100	15	68.1960157671274	284.75
FBgn0000370	92	6781.33724523386	1731.5
FBgn0000330	44	6351.87517648337	1424.25
FBgn0000376	137	13493.3234578162	1942.75
FBgn0000303	32	213.035621698452	582.25
FBgn0000497	50	2259.31135853228	1203
FBgn0000057	52	1671.13932776754	1136.75
FBgn0000337	48	1484.09228028559	1070.5
FBgn0000046	19	173.340300165338	422
FBgn0000392	25	1866.36293229266	923.5
FBgn0000092	64	3230.43817680084	1403.25
FBgn0001086	32	723.00440325033	765.25
FBgn0000615	275	1193.66990484796	1563.75
FBgn0001226	7	56.0251386529394	173.5
FBgn0000121	17	116.48872371298	350.75
FBgn0001229	23	5996.48944685066	1211.25
FBgn0001301	102	5642.26155038684	1726.75
FBgn0000547	14	56.4310750055868	256.5
FBgn0001253	26	917.30138706304	754.75
FBgn0000489	25	901.764241274542	742
FBgn0001233	6	87.8712722705091	199.25
FBgn0001234	16	161.209775083805	375.25
FBgn0001075	70	3828.06242846893	1484.25
FBgn0001227	63	1146.56853159131	1130.5
FBgn0000499	59	1792.01368635669	1207.75
FBgn0002525	70	4056.76833363542	1505.25
FBgn0001321	17	1542.20053544407	775.75
FBgn0001248	30	766.683836992893	760.75
FBgn0001311	102	8008.16737853705	1801.25
FBgn0002862	136	915.060424342734	1335.75
FBgn0031850	64	1754.01783272065	1237.25
FBgn0000414	104	6855.09608617833	1774.75
FBgn0001324	30	4227.51725805316	1199.75
FBgn0031851	33	2931.1920378179	1121
FBgn0001313	57	2049.37860957475	1227.5
FBgn0002576	63	9382.4382653042	1646
FBgn0031878	69	4729.92773396199	1538.5
FBgn0000658	30	7115.25058355232	1323.25
FBgn0002940	58	3047.97480468491	1342.5
FBgn0031908	48	6497.38812858451	1464
FBgn0031879	51	3055.01056315894	1291.25
FBgn0031940	138	9498.05324834832	1913
FBgn0001217	120	248.240275811102	1073.75
FBgn0031859	160	74.7129568321492	1040
FBgn0001961	68	3009.0818789196	1408.5
FBgn0002909	62	5817.48540262674	1547
FBgn0031925	27	65.2783236772982	421.25
FBgn0001133	12	286.391911405255	384.75
FBgn0031853	252	2263.1515381258	1714.5
FBgn0031954	252	1270.3094801912	1563
FBgn0032003	175	2776.3353977518	1680.25
FBgn0032039	202	7851.82846707295	1983
FBgn0032065	267	5805.42374344652	1975.75
FBgn0032004	65	8336.90558986133	1644
FBgn0002873	6	8.52163834281049	105.25
FBgn0002783	129	11678.6843704722	1914.5
FBgn0031844	46	2136.9434307883	1151.5
FBgn0031971	87	4413.305431392	1604.75
FBgn0032213	34	256.088689404592	617.5
FBgn0031888	69	4521.18770570812	1530.5
FBgn0032192	62	5408.95234839971	1530.75
FBgn0032111	210	1615.78276170349	1587.75
FBgn0032061	205	605.630797196793	1357.5
FBgn0032276	142	237.754606877917	1119.75
FBgn0000286	28	756.207886957705	736.25
FBgn0001206	56	3427.69927405877	1362.25
FBgn0032269	164	117.18221151708	1077.75
FBgn0032314	260	967.303518249027	1504.75
FBgn0000451	3	2.48934876726846	55
FBgn0032266	37	3557.183591015	1218.75
FBgn0032370	177	537.930624235444	1294.25
FBgn0032072	36	129.364202522527	566.5
FBgn0032143	64	4749.51626024758	1512.75
FBgn0032374	246	4427.7707500227	1894.25
FBgn0032402	62	2316.84127019478	1302.75
FBgn0031959	69	3894.40931741399	1488
FBgn0032090	27	1007.197069988	787.25
FBgn0032313	34	887.449078491066	829
FBgn0032219	53	35.712292779677	624
FBgn0031926	35	3322.96110951475	1175.5
FBgn0032414	44	671.303985650114	857.25
FBgn0000662	72	4158.08441803239	1522.75
FBgn0002183	30	3558.57031627055	1152.25
FBgn0032464	171	1585.26844694204	1522
FBgn0031941	42	519.845084770707	794.5
FBgn0032372	147	275.678103777569	1145.5
FBgn0031942	107	6595.87109361895	1775.25
FBgn0032515	52	3529.8147471467	1339.75
FBgn0032312	31	132.404166919764	520
FBgn0032424	191	2554.83813958403	1678.75
FBgn0032471	63	100.46648982644	763
FBgn0032519	108	4385.36548924781	1679
FBgn0000250	11	2132.51559681239	792.25
FBgn0032520	130	670.44540048977	1256.5
FBgn0032554	153	1856.88406160138	1541
FBgn0032588	230	1659.46237893107	1609.75
FBgn0032385	91	11260.8602239926	1802.25
FBgn0032360	156	55.816866253173	1010.5
FBgn0032563	121	106.28091839462	991.5
FBgn0032553	150	1152.91069786148	1419
FBgn0032650	115	88.0374014548828	968
FBgn0032521	57	2854.27680283688	1317.5
FBgn0032538	114	5395.81546822375	1748.25
FBgn0032721	103	7246.59713343798	1782
FBgn0031973	17	3266.57418331853	977.25
FBgn0032730	59	1524.41639507824	1165.75
FBgn0032590	175	1459.79380095985	1506.25
FBgn0032654	176	267.97193745345	1181.5
FBgn0032677	198	142.595598676642	1153.75
FBgn0032709	119	2542.02720654987	1552.25
FBgn0032648	35	1218.2462582336	915
FBgn0032530	62	49.5458657156888	701.75
FBgn0032217	95	7376.06883792442	1755.5
FBgn0032430	49	3178.62702614218	1282.75
FBgn0032513	70	4009.22468326837	1501.75
FBgn0032483	66	3471.39522229162	1439.25
FBgn0032803	41	8895.92418259663	1462.75
FBgn0032812	22	2178.95120011588	935.5
FBgn0032495	28	936.080757854734	782.25
FBgn0032664	182	13063.9858836526	2008.5
FBgn0032768	175	4569.6862103532	1818.75
FBgn0032755	129	65.0501822965544	975.25
FBgn0032867	236	7445.96762355743	2004.25
FBgn0000054	18	2472.7509581142	916.5
FBgn0032252	19	3286.00281908203	1004
FBgn0032869	347	2551.0745341429	1791
FBgn0032494	2	0	27.25
FBgn0032727	24	3251.77019805371	1059.5
FBgn0032362	22	1818.63101129604	879.5
FBgn0032769	16	788.105931378995	603.25
FBgn0032781	115	10734.4385059284	1871
FBgn0032369	33	284.325821966511	619.5
FBgn0032457	75	368.667006582781	971
FBgn0032878	320	5224.68186800899	1981
FBgn0032577	17	848.375755967947	636.25
FBgn0032340	81	4988.56084674569	1616
FBgn0032478	27	972.272328088993	781.25
FBgn0032512	52	1614.97261905635	1129.25
FBgn0032626	85	54.2770676651761	824.5
FBgn0032967	48	1010.71115836614	979.5
FBgn0033020	206	719.864486197998	1389
FBgn0032814	57	6017.12138931138	1515
FBgn0032925	55	2561.91490428331	1277.75
FBgn0033010	49	1720.65823323124	1118.25
FBgn0032587	24	3864.14394696543	1109.5
FBgn0032514	50	1716.0150480971	1126
FBgn0032525	26	12.5740015835545	349.25
FBgn0032969	105	676.675462062897	1194.5
FBgn0033160	124	8371.5894942101	1864.5
FBgn0033017	26	111.991253376439	451.25
FBgn0032805	23	52.4696809217083	360.75
FBgn0032857	27	410.989407810457	610.75
FBgn0033188	68	4144.51400821882	1500.5
FBgn0033056	247	929.130458069267	1485
FBgn0033074	15	13.4322481803644	220.75
FBgn0033168	141	643.730846523992	1268.25
FBgn0033238	178	1041.27565068072	1429.75
FBgn0033283	31	13.8707957762485	405
FBgn0032771	123	103.32164458144	997.25
FBgn0032894	55	5.78105143563763	596.25
FBgn0033279	200	333.621375487417	1248.75
FBgn0033285	242	1272.70923742919	1557.25
FBgn0033286	240	369.600424522489	1304.5
FBgn0033278	44	304.356482051513	725.75
FBgn0032731	40	4744.60540426229	1319.75
FBgn0032973	27	1820.42103647412	935.25
FBgn0033190	38	121.271715097198	580.25
FBgn0032224	54	3263.21362789179	1336
FBgn0033233	28	502.847666402039	659.75
FBgn0033339	68	3146.81517439754	1420.5
FBgn0033354	64	962.554704510425	1095.25
FBgn0033307	64	943.422013401211	1090.25
FBgn0033322	49	90.6310639325342	648.25
FBgn0032968	95	1054.89029656526	1258.5
FBgn0032684	21	424.213757223741	552
FBgn0032707	30	727.172303659072	750.25
FBgn0032877	22	3921.36125716691	1090
FBgn0001320	13	112.309675969081	299.75
FBgn0032409	24	191.956200811497	492.5
FBgn0033260	58	5329.00449823612	1496.5
FBgn0033431	20	300.275637258279	486.75
FBgn0033155	54	2108.34712036984	1219
FBgn0032175	19	376.639434524577	507
FBgn0033454	49	1283.18268870929	1047.25
FBgn0033358	91	4454.99988129122	1627.75
FBgn0032637	57	1757.00149378807	1183.5
FBgn0032348	22	138.952810860915	430
FBgn0032775	68	5826.91228039542	1587
FBgn0033063	27	487.872308917708	641.75
FBgn0032729	8	142.820400159781	268.75
FBgn0033308	99	5835.28809378525	1720.75
FBgn0032656	8	1533.70795886486	666.75
FBgn0033371	113	497.777276079776	1161.75
FBgn0032819	85	5793.0444217552	1663.5
FBgn0033380	57	4214.30635662786	1425.5
FBgn0033667	83	5520.06241918119	1647.25
FBgn0033367	62	1266.1838791539	1143.75
FBgn0033421	65	3393.17783652629	1425
FBgn0033728	99	7449.40768945614	1771.75
FBgn0033610	35	3401.67283321132	1183.5
FBgn0033584	35	813.288614567895	821
FBgn0032915	37	2713.43190311169	1144.25
FBgn0033195	53	1644.62885934285	1142
FBgn0033730	107	3171.54140321014	1582.25
FBgn0033739	12	47.8733748021197	224.75
FBgn0033330	195	640.404425859829	1349.5
FBgn0032971	144	12966.7189376715	1951
FBgn0033369	111	209.994238864724	1042.25
FBgn0033740	35	1639.91360425145	987
FBgn0033705	96	6132.56812626683	1720.25
FBgn0033819	336	6156.79694135482	2022.5
FBgn0033287	128	47.2660124010838	950.5
FBgn0033862	41	13.1660617920645	492.75
FBgn0033818	128	865.996495959734	1307.5
FBgn0033860	252	6427.53992007313	1989.5
FBgn0033863	216	724.082694836033	1404
FBgn0033225	13	195.723038643268	362.25
FBgn0033490	50	326.505019683157	785.5
FBgn0033802	52	1711.40751821864	1142.75
FBgn0033653	5	46.1067076596304	137.25
FBgn0033187	59	3941.4871779379	1424.75
FBgn0032181	17	149.494459998403	381.75
FBgn0033609	89	6246.77584466446	1700.25
FBgn0033817	14	190.635173067133	368
FBgn0033936	78	5431.42369615502	1623.25
FBgn0031861	6	16.5881397012495	121.25
FBgn0033969	201	2437.31158472595	1687
FBgn0033864	187	442.933380275388	1275.75
FBgn0033888	245	2572.08759817496	1742.5
FBgn0032433	14	3731.13673788622	976.5
FBgn0033038	21	923.031265945978	700.5
FBgn0033868	98	9.44852663070276	822.5
FBgn0034105	275	1325.6758556024	1589.75
FBgn0034099	46	141.996240880767	659.5
FBgn0033778	12	56.1831727682407	235
FBgn0034122	204	3731.36892660648	1805
FBgn0034082	237	744.029428967512	1430.25
FBgn0034121	178	110.02138688872	1096.25
FBgn0033323	45	75.8732100259755	599.5
FBgn0034132	145	61.7524779147834	1002
FBgn0034129	124	4844.07712098441	1742.5
FBgn0032026	18	487.205714720248	539
FBgn0034010	89	5744.08363790237	1681.75
FBgn0032895	6	1529.22714892346	641.25
FBgn0033994	25	3144.20126504452	1059
FBgn0033357	51	155.383348061371	717.75
FBgn0034141	30	1100.90489561731	844.25
FBgn0033476	34	1142.62031936005	892
FBgn0034030	57	2012.77378532665	1223
FBgn0033952	69	339.669642857564	927
FBgn0034144	158	74.3538444517315	1037.25
FBgn0034245	54	398.648776763238	847.5
FBgn0034246	101	9283.56221620221	1818.75
FBgn0034173	145	1928.94204418271	1537
FBgn0034435	321	2358.48889073386	1766.5
FBgn0034133	35	230.426181934433	619
FBgn0034461	44	127.983542768315	631.75
FBgn0034464	297	801.862159485093	1485.5
FBgn0033498	19	771.352309445967	638.5
FBgn0033981	108	29034.1677400147	1891
FBgn0034071	74	12074.221772717	1732.75
FBgn0034186	41	2713.38635630014	1174.25
FBgn0034263	65	8868.55492747691	1653.5
FBgn0034467	191	660.042426868548	1347.75
FBgn0033814	84	2079.21468180276	1386.5
FBgn0033998	26	1866.92191293615	933.25
FBgn0034223	6	214.261610412953	285.25
FBgn0034459	191	1834.1068724549	1592.75
FBgn0034483	188	2103.94115264215	1623.25
FBgn0034475	100	13313.9220808021	1847.25
FBgn0034546	151	418.204894505681	1212.5
FBgn0034560	388	6471.75040731082	2041.5
FBgn0033742	37	1446.9279261929	975.25
FBgn0033133	24	225.468272328915	508
FBgn0031974	10	97.6213005278215	257.75
FBgn0034521	14	969.843297725958	627
FBgn0034477	124	4218.37459542984	1707.5
FBgn0034499	52	7798.28568890491	1530.75
FBgn0034601	215	483.452373911278	1327.25
FBgn0033984	50	1992.08718475788	1167.5
FBgn0034443	24	288.405206352954	530.5
FBgn0033542	18	1030.04245414464	690
FBgn0033807	17	787.166354174215	616.25
FBgn0034488	60	1572.07689235888	1182.75
FBgn0034693	42	2029.1988479772	1103.5
FBgn0034641	60	2011.63983662544	1248.25
FBgn0032341	17	270.926833070309	436.75
FBgn0034657	50	2684.19717187509	1246.5
FBgn0034718	28	174.288899960433	523.25
FBgn0002869	16	473.21088631758	508.75
FBgn0034127	126	510.555852790872	1199.25
FBgn0034651	192	7642.90512123904	1958.75
FBgn0034658	83	42.6338063597407	809.25
FBgn0034824	287	723.732544791697	1456.5
FBgn0034825	152	462.337859421083	1232.25
FBgn0032613	17	473.437590579032	522.75
FBgn0033631	54	4701.85379681455	1437.5
FBgn0034826	311	11151.7487852958	2108
FBgn0034128	29	1303.0392732177	874.5
FBgn0034844	140	696.718118039311	1283
FBgn0033491	29	3646.66599798026	1148.5
FBgn0034737	49	705.89025426521	909.25
FBgn0031856	16	406.03413849398	478.75
FBgn0034840	135	42.5106627845809	963.75
FBgn0034842	91	168.406089453362	955.25
FBgn0032444	18	1136.64895223073	718
FBgn0033869	42	3741.78104750998	1272
FBgn0034745	45	3034.75028238009	1234.5
FBgn0034253	106	5586.77049266051	1733.75
FBgn0034709	89	5247.11810988152	1662.25
FBgn0034828	46	766.59700455728	898
FBgn0034566	37	3578.45944707835	1221.75
FBgn0034447	59	4376.47581942655	1452.75
FBgn0034687	42	1993.70567586276	1100.5
FBgn0034786	48	859.99288655205	944.5
FBgn0034939	25	1918.46404620548	929
FBgn0033668	22	1211.91195905706	778.5
FBgn0034882	100	157.839075161583	980.25
FBgn0034907	254	412.093491173561	1333.75
FBgn0034816	140	4238.87419969687	1742.5
FBgn0034998	99	76.9037617791866	909.75
FBgn0035003	88	2945.94483649489	1497.75
FBgn0034841	178	543.081916994812	1299.25
FBgn0035004	182	1766.48153201081	1565.5
FBgn0035007	284	9651.09060172292	2081
FBgn0035008	147	1290.21401972257	1440.5
FBgn0035021	123	5641.38637753514	1780.25
FBgn0034974	65	25841.3230321704	1708
FBgn0035022	143	10748.8087953616	1932.5
FBgn0034887	54	1831.35292102553	1183
FBgn0034835	103	193.358146563072	1012.5
FBgn0035047	183	28997.2765247963	2029
FBgn0033141	26	708.983942897243	699.25
FBgn0034205	18	97.2592713337369	351
FBgn0034827	132	414.535546818302	1175.75
FBgn0035143	51	398.718292182135	820.75
FBgn0033272	6	20.5540122661038	127.25
FBgn0035196	209	364.15129074523	1272.75
FBgn0034728	27	1288.64443551764	848.75
FBgn0034985	21	1121.63823554568	748.5
FBgn0035192	16	359.528372041252	461.75
FBgn0001291	5	69.9493213089221	167.75
FBgn0034647	14	163.080668873608	351.5
FBgn0034863	17	3282.26831377554	978.25
FBgn0035245	75	6944.80572687301	1663
FBgn0035124	242	5546.00980340991	1948.75
FBgn0035263	150	9624.47511153267	1936
FBgn0034970	91	4753.4826064788	1643.25
FBgn0035273	52	6398.28309522417	1494.75
FBgn0033581	55	3945.22629649274	1398.75
FBgn0035207	40	3333.89336129416	1221.25
FBgn0034856	26	153.33939451707	487.75
FBgn0034645	38	141.979426725763	596.75
FBgn0034583	41	830.597369974791	876.75
FBgn0035299	86	7354.0347274171	1718.5
FBgn0035005	158	221.668118070737	1140.75
FBgn0035218	136	249.439591659763	1114.25
FBgn0035099	83	2933.17863066319	1473.75
FBgn0035321	31	274.514502700021	596.5
FBgn0035425	73	7455.35497826459	1665.25
FBgn0035161	129	2295.06048921026	1553.5
FBgn0033122	43	3603.51606051247	1272
FBgn0034982	29	680.034038396868	725.5
FBgn0034800	19	938.373361358497	683.5
FBgn0034975	79	9991.1872874543	1740.5
FBgn0035227	64	2762.24166090995	1363.25
FBgn0034592	23	128.479711411147	433.25
FBgn0035265	193	6376.18338909359	1924.75
FBgn0035380	150	1415.6385095645	1465
FBgn0000449	6	247.791332217372	295.75
FBgn0035162	72	2838.09518605346	1415.75
FBgn0035281	87	4827.04600343814	1628.25
FBgn0035464	57	8985.9598514126	1594.5
FBgn0035283	16	7169.90696383208	1164.25
FBgn0034957	48	806.808548859365	930
FBgn0035496	26	583.432278646598	662.75
FBgn0033438	46	2782.62943225479	1222
FBgn0034915	51	2535.91919530723	1239.25
FBgn0035510	67	2919.70793205272	1392.5
FBgn0035544	43	4480.90662364575	1333
FBgn0034114	32	4646.44923441101	1242.75
FBgn0035308	31	4045.3686780773	1198
FBgn0035430	133	13013.7928662979	1930.75
FBgn0035545	63	4229.74620490109	1474
FBgn0035546	71	5587.50540886024	1593.25
FBgn0035398	50	2789.30301361572	1259
FBgn0035548	75	18671.1283371936	1757.5
FBgn0035491	197	4436.57562494799	1843.5
FBgn0035384	130	116.255618278808	1022.5
FBgn0035598	288	7127.82201631652	2032.75
FBgn0035427	85	4774.65458253889	1616.5
FBgn0035657	218	1693.75388833351	1606.75
FBgn0035519	60	8916.78618419349	1618.25
FBgn0035553	85	5007.95272040218	1630
FBgn0035709	264	3479.13877264615	1839.5
FBgn0033902	21	1892.96601937088	880.5
FBgn0035568	156	312.793702543222	1175
FBgn0034846	19	741.972053400136	632
FBgn0035455	71	1075.48310460929	1159.75
FBgn0035776	343	2932.69823968149	1827.25
FBgn0033955	20	1138.20730584706	743.25
FBgn0035786	195	4897.53887465933	1862.5
FBgn0035800	201	4441.43838832611	1852.5
FBgn0035280	93	4436.13724125938	1633.5
FBgn0033638	20	1677.27044594441	834.75
FBgn0035335	36	57.2704337113828	502.5
FBgn0035521	11	154.130014886865	313.75
FBgn0035523	88	6848.90003309096	1717.75
FBgn0035495	24	135.258582170458	451.5
FBgn0035782	140	5807.36038929128	1821
FBgn0035823	292	3818.6676085817	1880.5
FBgn0034923	36	3258.83700657687	1180.5
FBgn0035915	363	5719.4793196129	2010
FBgn0034727	22	789.085974744503	678.5
FBgn0035873	54	2548.94865133009	1268
FBgn0035111	36	1755.77880745115	1012
FBgn0035971	268	4990.8506556656	1941.25
FBgn0035988	383	6180.07325301708	2028
FBgn0035490	54	1237.4169621658	1081.5
FBgn0036015	27	678.672664009432	701.75
FBgn0033872	15	19.3628870837818	229.75
FBgn0036029	236	3259.70341427899	1796.75
FBgn0035924	161	479.339149954789	1247.5
FBgn0036014	194	12796.2937563461	2021.5
FBgn0036125	171	937.778656188697	1395.5
FBgn0036075	196	4290.52744465957	1831.25
FBgn0036082	117	23.9945877528266	904.75
FBgn0035977	49	1280.86225967995	1046.25
FBgn0036169	5	0	60.5
FBgn0036141	69	1339.61216384312	1203.5
FBgn0033680	11	3.21229290419057	152.25
FBgn0036159	102	615.544783891383	1169.75
FBgn0036160	196	1241.55805964882	1500.75
FBgn0035724	50	289.74729293228	768.5
FBgn0034031	7	10.1431780305641	122.5
FBgn0032286	5	300.268926211671	303.5
FBgn0035539	35	1410.48886624567	948.5
FBgn0035844	122	7720.50313836941	1841
FBgn0036022	67	3569.01564477814	1453.5
FBgn0036162	123	142.561180399971	1028.25
FBgn0035501	34	2157.67046069013	1057
FBgn0036156	114	2159.94156271136	1506.75
FBgn0036222	155	2344.76437764175	1607.5
FBgn0036310	61	101.580755585892	749.75
FBgn0036311	295	1014.30443728024	1536.25
FBgn0036325	55	3714.07128517479	1381.25
FBgn0036426	198	8935.59965968026	1997.25
FBgn0036218	41	38.2835422337528	523.75
FBgn0036329	288	1289.46670278141	1591.75
FBgn0036415	218	1241.29906916261	1530.25
FBgn0036346	89	10937.0245665802	1791.75
FBgn0036437	132	14286.9663081759	1934.25
FBgn0036438	266	1097.75020358883	1538.25
FBgn0036214	36	4103.97453581189	1248
FBgn0034950	30	2047.82912216218	1000.25
FBgn0033391	8	1097.00792257115	586.5
FBgn0035969	10	62.2408942809381	221.75
FBgn0036290	93	7121.6687968763	1743.5
FBgn0036403	63	413.172723919022	922
FBgn0036443	85	6668.70109629191	1696
FBgn0036441	249	5966.4151449958	1968.25
FBgn0036482	72	2819.22578449105	1414.75
FBgn0036490	109	5204.35197319613	1727
FBgn0035867	48	4503.15860468356	1375.5
FBgn0036118	40	41.1131016480439	519.75
FBgn0035293	84	3162.71390029057	1497.5
FBgn0036505	117	23866.2892762099	1908.25
FBgn0034808	16	3366.13883271616	970.75
FBgn0036590	54	4746.02935855633	1440.5
FBgn0033828	17	331.92440393577	464.25
FBgn0036038	79	5072.49348776665	1612
FBgn0036597	85	9929.38448209389	1762
FBgn0036497	172	7830.18972110505	1933.5
FBgn0036608	184	17089.0628707742	2022.75
FBgn0035679	60	2417.15462438751	1300.75
FBgn0036589	24	405.587183302124	577
FBgn0035076	23	24.0915667373272	338.25
FBgn0036619	30	702.726132726684	743.25
FBgn0036168	42	541.482689272406	802.5
FBgn0036567	75	5029.62708746505	1590.5
FBgn0036609	291	4686.73777199481	1938
FBgn0033153	9	509.407992001319	444.5
FBgn0035234	26	2058.72493972873	956.25
FBgn0035262	9	1338.89618379785	650.5
FBgn0032660	6	2683.48970172132	791.25
FBgn0036687	48	163.6026686992	697
FBgn0036703	79	433.757305138121	1019
FBgn0036217	105	407.822530790152	1101.5
FBgn0035585	14	117.517759656025	313.5
FBgn0035952	26	138.342543101497	472.75
FBgn0036058	60	6734.09500264169	1566.75
FBgn0036624	86	4893.6337786768	1625.5
FBgn0036246	54	273.998093289091	798
FBgn0036204	51	255.15053891716	764.25
FBgn0036784	181	1000.85493535509	1426
FBgn0036599	50	5301.77262534699	1433.25
FBgn0035880	57	3834.03329118659	1397.5
FBgn0036828	89	5850.40221328003	1687.25
FBgn0036729	91	853.832556017031	1198.75
FBgn0036785	236	664.668550707133	1403.25
FBgn0033859	12	1681.35301200557	739.25
FBgn0034420	7	68.2825526059178	192
FBgn0036551	5	13.5429325870713	101.75
FBgn0036895	280	2408.27329070075	1751.5
FBgn0034471	26	461.157056337531	622.5
FBgn0036808	40	1473.44865262191	1002.25
FBgn0036381	5	67.7254795916399	164.25
FBgn0036769	68	4976.11935749074	1548
FBgn0035713	86	5112.10065919497	1639.5
FBgn0036958	57	3360.76407433367	1359
FBgn0034793	3	662.816928000363	413
FBgn0036757	22	177.63756799703	459.5
FBgn0036706	149	580.121138550816	1266.75
FBgn0036465	79	49.2142896583637	797
FBgn0036905	109	74.6705111113976	939
FBgn0036323	24	578.470139794003	643
FBgn0035817	23	68.6170465471868	385.25
FBgn0036620	43	523.186321037954	805.5
FBgn0000221	6	110.528515941471	215.25
FBgn0037040	143	179.948097942541	1099
FBgn0037064	109	603.184098795781	1187.5
FBgn0037101	233	343.085659469477	1285.75
FBgn0036985	88	35648.4352218009	1823.25
FBgn0037170	75	11338.6888072076	1736
FBgn0037147	266	508.540046750104	1380.75
FBgn0036773	99	7822.9517090846	1780.25
FBgn0037010	79	9386.58093175325	1735
FBgn0036607	23	1825.16733837481	895.75
FBgn0036652	135	7845.64894336606	1876.25
FBgn0037172	76	2726.37049823137	1428.25
FBgn0035968	23	1806.50830765869	889.75
FBgn0037191	178	1077.23097058607	1440.75
FBgn0035730	22	1773.20975153143	872.5
FBgn0036043	9	11.0298477908866	151.5
FBgn0036474	44	1496.1529766281	1040.75
FBgn0035845	23	195.06969001887	482.75
FBgn0035372	12	447.098260617828	454.75
FBgn0036900	14	316.009998746354	420
FBgn0037106	20	476.552199011244	560.25
FBgn0037385	167	11299.3426613688	1973.25
FBgn0037416	75	4926.47960901685	1584
FBgn0037037	63	41.058491656059	702.5
FBgn0037456	196	877.113589388054	1418.25
FBgn0036925	16	2574.59458416924	899.75
FBgn0037372	32	1234.54613085482	888.25
FBgn0037461	192	1104.67726440447	1465.75
FBgn0037455	174	4908.26069596555	1834
FBgn0037169	8	74.9468521121538	212.25
FBgn0037297	87	14620.6595699963	1802.25
FBgn0037463	171	456.942474119847	1254.5
FBgn0037486	316	3889.18712276031	1896.75
FBgn0037230	29	1469.60503439791	899.5
FBgn0036980	41	2144.39793894535	1112.25
FBgn0036568	38	1050.00136265732	906.25
FBgn0036881	76	4650.08966824284	1575.75
FBgn0037371	17	2248.48668939098	878.75
FBgn0036208	32	1696.76783839851	967.25
FBgn0037502	41	1326.38763088273	987.75
FBgn0037225	73	2250.27104816791	1360.25
FBgn0037288	54	1135.88249431268	1064
FBgn0037419	60	2707.69433979886	1328.25
FBgn0037530	93	9775.61179697344	1795.5
FBgn0037571	41	8120.52836895627	1449.25
FBgn0037506	202	754.496670322276	1397
FBgn0036695	46	4169.66653571649	1334.5
FBgn0037573	93	3066.27412498197	1529.5
FBgn0037592	76	7283.42958389379	1679.25
FBgn0037415	64	3496.83797269592	1429.75
FBgn0037320	127	8051.11026276157	1865.5
FBgn0037135	92	5469.58722780506	1684
FBgn0037206	92	3579.44600653049	1571.5
FBgn0037483	147	1280.64846342937	1437
FBgn0037828	266	738.786642998826	1450.25
FBgn0037697	26	983.056640569537	772.25
FBgn0037388	53	37.5486257672207	625.5
FBgn0037664	259	1607.74926137841	1626
FBgn0037829	186	577.406884728976	1319.25
FBgn0037860	340	2154.08508325203	1751.5
FBgn0036939	5	8.12582459125434	90.75
FBgn0037478	38	1769.15489487561	1035.25
FBgn0037838	17	3249.51149024604	973.75
FBgn0037635	49	3430.38573242085	1306.75
FBgn0036728	26	688.044350638011	694.25
FBgn0037912	23	2516.11382468253	978.25
FBgn0037834	15	1999.96399213927	819.75
FBgn0037420	12	147.640972884407	319.75
FBgn0036446	47	3930.09524889731	1326.75
FBgn0037460	51	25.1802833609584	598.75
FBgn0037862	286	2132.24787425268	1719
FBgn0037896	65	1191.29679934731	1152
FBgn0035480	13	2195.08362435512	827.75
FBgn0037944	101	8506.85889498771	1806.25
FBgn0037915	63	2522.3222951517	1328.5
FBgn0036345	23	20.80261886597	332.75
FBgn0037986	67	387.603588625463	932.5
FBgn0037913	30	1255.76683397065	874.75
FBgn0037970	39	2543.56580295624	1140
FBgn0037939	217	311.132544175036	1260.25
FBgn0034520	2	10.0766303266213	62.5
FBgn0036805	13	29.736581468475	222.75
FBgn0037994	154	1612.71178387816	1502.75
FBgn0037758	34	1539.90638517697	959.5
FBgn0038078	68	5994.55838605522	1592.5
FBgn0002939	5	6454.0183828434	1011.25
FBgn0038049	51	1435.90690355844	1089.25
FBgn0038018	168	2178.25124482984	1607.75
FBgn0036919	34	1478.05833233496	948.5
FBgn0037248	37	486.034327944013	741.75
FBgn0037653	17	179.53736734258	400.75
FBgn0037796	14	87.4453236869036	291
FBgn0038095	16	282.763153529627	429.75
FBgn0038130	83	8792.2343607957	1739.75
FBgn0037987	261	775.676029547817	1454.75
FBgn0038097	71	602.485716440943	1035.75
FBgn0034866	13	1431.75149500252	706.75
FBgn0038016	58	6392.17129420716	1539
FBgn0038127	196	886.290639435152	1419.75
FBgn0038163	279	1710.94215851807	1654
FBgn0038200	354	6962.98709950269	2053.5
FBgn0038008	46	288.128529627037	731.5
FBgn0037933	19	541.828043156718	573
FBgn0038209	220	2869.34008715589	1751.75
FBgn0038208	251	637.642849486856	1407.5
FBgn0038225	227	2706.05958965785	1740.5
FBgn0036704	5	6460.92924218705	1011.75
FBgn0037826	33	26.8724109631278	445.5
FBgn0038248	114	95.555561763326	970.75
FBgn0037137	9	3062.93258884997	867
FBgn0038108	34	2620.05877722698	1102
FBgn0038168	21	4432.01106960013	1112
FBgn0037325	12	5.32783655069917	168.75
FBgn0038266	53	614.461362595807	918
FBgn0038210	133	462.073037624106	1197.75
FBgn0038355	282	3731.58176363512	1870.5
FBgn0036941	21	140.293161179782	419
FBgn0038213	39	5013.69601684187	1328.5
FBgn0037616	113	267.950685639212	1064.75
FBgn0038258	19	6295.01750727124	1175
FBgn0038361	29	3669.35424172322	1150.5
FBgn0038373	122	836.295078018922	1282.5
FBgn0037035	20	1051.01347528332	719.75
FBgn0038218	39	947.571600831674	891.5
FBgn0037926	14	5746.62860811486	1090
FBgn0038381	39	710.453075722792	828.5
FBgn0036187	47	1061.83509547414	981.25
FBgn0038359	172	110.821514748201	1087.5
FBgn0037855	15	172.719213761548	370.25
FBgn0036671	23	6791.24104764988	1240.25
FBgn0038385	53	6240.53905591722	1495
FBgn0038321	48	8794.35978871133	1519
FBgn0038129	82	2968.69368710267	1474.25
FBgn0038398	98	4109.75193983929	1627.5
FBgn0038460	47	1044.99516092433	976.25
FBgn0036751	3	9.79746379705087	71
FBgn0038377	80	434.399492820022	1026.5
FBgn0038000	34	245.243309413892	611
FBgn0038123	79	12881.9711490675	1763
FBgn0038405	51	3005.81977295392	1285.25
FBgn0035409	19	91.4407020577253	359.5
FBgn0038589	33	26.3644518709714	444.5
FBgn0038565	122	3005.19018891651	1603.5
FBgn0036807	28	1198.0731600376	841.25
FBgn0037398	22	1420.54560855665	815.5
FBgn0038280	141	493.108688331572	1220.75
FBgn0038423	200	1437.95943043273	1540.75
FBgn0038486	127	356.681059606476	1137.5
FBgn0038539	200	891.883035459871	1428.25
FBgn0038525	112	5576.02279154819	1750.25
FBgn0038511	32	3351.20593394483	1148.75
FBgn0038598	173	4253.86916062656	1795.5
FBgn0038630	300	2567.45665751253	1775
FBgn0038655	258	3215.0728353436	1808.75
FBgn0038697	214	488.646943171156	1327.75
FBgn0038694	286	1975.78102555628	1699
FBgn0038706	54	56.8706827559277	655.5
FBgn0037972	64	1799.58252207625	1246.75
FBgn0038632	128	12837.0917981908	1918
FBgn0037644	39	1017.09420527598	907.5
FBgn0037924	20	933.756074606306	691.75
FBgn0038337	16	480.450466349229	511.25
FBgn0038720	106	7064.84664651934	1783.75
FBgn0038760	69	2668.53148181353	1381
FBgn0038709	105	301.921618559644	1061
FBgn0033067	7	9.15632861594224	117.5
FBgn0001112	8	2065.11187226755	746.75
FBgn0037059	24	1168.52759926213	796
FBgn0038567	73	8779.57986750156	1693.25
FBgn0038607	127	4972.56405270295	1757
FBgn0038345	28	143.575013775464	502.75
FBgn0038797	165	299.556431613798	1175.75
FBgn0038412	18	207.735446430927	427
FBgn0038921	65	324.146299840764	899
FBgn0037021	46	6621.60290649825	1448
FBgn0038320	29	707.23062357953	733
FBgn0038448	103	6669.59971436884	1766
FBgn0038733	30	1214.32064476073	868.25
FBgn0038832	39	877.292985059393	874
FBgn0037707	101	17905.5634381655	1861.25
FBgn0038722	28	314.29801052061	583.75
FBgn0038768	50	3378.02492611915	1308.5
FBgn0038445	39	583.210963712495	790.5
FBgn0038892	63	166.005659222548	816
FBgn0038039	7	1601.09371943193	666.5
FBgn0037890	17	153.006648624662	383.75
FBgn0038915	80	6860.14983620864	1687
FBgn0038708	223	373.018138505001	1291.25
FBgn0038979	184	355.249904644931	1231.75
FBgn0039070	121	1893.67922898162	1481.5
FBgn0039071	186	124.094826083505	1119.75
FBgn0039088	182	165.326563122857	1147.5
FBgn0038491	39	5723.14168850271	1359.5
FBgn0038820	68	2376.98516747201	1349
FBgn0038964	50	1789.68613312053	1136
FBgn0038149	45	1171.25872586338	990.5
FBgn0038819	37	1532.52918597013	989.25
FBgn0038829	28	4526.29213241652	1197.25
FBgn0039013	15	1499.75117775295	743.25
FBgn0039151	100	3471.00655989466	1589.25
FBgn0039104	215	411.1555923837	1298.25
FBgn0038846	2	4304	877.5
FBgn0038958	94	8232.15673710124	1776.25
FBgn0039145	43	901.756189608243	911.25
FBgn0038983	56	1640.31933768299	1162.75
FBgn0035921	4	66.7126781197937	149
FBgn0039131	6	548.20533016048	420.75
FBgn0038966	120	27108.4528292925	1917.25
FBgn0039147	24	1681.51375930069	884.5
FBgn0034118	18	148.901394875015	394
FBgn0039244	63	8474.16927989814	1631
FBgn0038965	48	4207.53142046054	1355
FBgn0039183	95	5935.4612008754	1709.5
FBgn0039215	80	2727.25399176951	1447.5
FBgn0038950	32	505.881547989568	701.25
FBgn0038432	37	466.096904759581	736.75
FBgn0039308	63	3407.78644335448	1411.75
FBgn0037536	36	1884.15219806688	1037.5
FBgn0039274	11	2033.39338101551	777.75
FBgn0038690	11	9.20210240295807	166.25
FBgn0039010	64	365.223732709681	908.25
FBgn0039192	77	137.351756650777	870.25
FBgn0039343	253	1825.32815607801	1658.25
FBgn0039366	224	370.348914336821	1291.25
FBgn0038126	50	8757.61557715283	1533.5
FBgn0038934	142	1819.10191921012	1514.25
FBgn0038952	78	1793.5150837811	1321.25
FBgn0039367	224	370.348914336821	1291.25
FBgn0039246	105	91.4956019935076	943
FBgn0039373	115	25.135835961113	902.5
FBgn0039374	200	394.953039380924	1269.5
FBgn0038944	39	16.597822356619	485
FBgn0039371	218	7562.51729240416	1993.75
FBgn0039369	153	3025.25974298489	1668
FBgn0039370	114	4517.31888645598	1703.75
FBgn0037518	15	540.856016911716	520.75
FBgn0039425	223	1872.44350061504	1641.75
FBgn0039155	74	3049.54348472522	1444.25
FBgn0039293	39	4901.4832296102	1321.5
FBgn0039306	79	6719.52070976694	1675.5
FBgn0039083	82	5433.40913557427	1640.75
FBgn0039297	68	20055.3362091998	1721
FBgn0003132	100	1741.76910992046	1398.25
FBgn0037515	21	896.376159006765	693.5
FBgn0039161	25	317.120673054424	553.5
FBgn0035228	8	14.9095904606226	142.25
FBgn0039451	76	4739.77468117424	1578.75
FBgn0039273	17	258.278795117415	433.25
FBgn0039435	97	10780.072699153	1817.75
FBgn0003089	37	2148.90501903916	1083.25
FBgn0038968	13	200.361204336179	363.25
FBgn0039309	63	3407.78644335448	1411.75
FBgn0003257	21	220.215317632736	467.5
FBgn0038541	22	131.067342261467	422
FBgn0039302	66	3044.67273003277	1399.75
FBgn0003295	72	3750.87228600951	1493.25
FBgn0036285	1	0	15.75
FBgn0038578	26	1594.40362137996	888.75
FBgn0036585	15	419.982158819208	476.75
FBgn0036289	5	1.37055281882868	73
FBgn0036417	7	1634.16815092756	671
FBgn0003559	55	6253.12213320128	1513.75
FBgn0039272	23	408.261390139378	567.25
FBgn0003162	83	4869.81578639953	1612.75
FBgn0003447	48	976.864792047364	973
FBgn0003149	6	7.64551977823121	101.25
FBgn0037835	8	125.017000523787	251.25
FBgn0038179	10	116.917732906972	270.25
FBgn0039398	195	502.750035710496	1307
FBgn0003598	48	477.488062103599	829.5
FBgn0038316	71	12835.3660191418	1720.25
FBgn0039169	35	1600.01600735237	981
FBgn0039321	29	1312.89539471975	876.5
FBgn0003464	48	1790.29656948578	1119.5
FBgn0003721	12	70.954434824471	254.75
FBgn0003889	241	3023.44768659778	1780.75
FBgn0004172	163	1760.31577699918	1533.75
FBgn0004173	191	928.599951343136	1421.75
FBgn0004171	277	852.352973405318	1486.5
FBgn0004174	117	42.3522955832789	921.25
FBgn0036926	6	4.72239483551623	96.25
FBgn0039109	8	118.25369179756	245.75
FBgn0003882	46	7467.42422778997	1471.5
FBgn0039234	34	2459.73805174488	1087.5
FBgn0004179	24	195.314491346626	496
FBgn0038682	9	727.86275795308	509
FBgn0039027	30	1081.56454748526	839.75
FBgn0004556	54	2068.93949044554	1214.5
FBgn0004516	18	39.0350805897903	290.5
FBgn0004368	59	8372.81667157086	1601.25
FBgn0004598	62	2036.6300334498	1265.75
FBgn0036931	9	430.8894659946	413.5
FBgn0037877	18	3005.72134089673	965.5
FBgn0003328	45	3469.17558487841	1274.5
FBgn0003545	35	2553.21539532836	1105
FBgn0004050	52	4182.85822768614	1388.75
FBgn0004577	77	4291.41665738575	1558.25
FBgn0003520	73	4925.50005834206	1571.75
FBgn0003716	122	5977.50831540384	1788
FBgn0004419	86	4123.06878936961	1582.5
FBgn0004611	62	12481.7451646496	1663.75
FBgn0004780	135	12280.2698365775	1929.25
FBgn0004052	22	1159.364449342	770
FBgn0004618	36	732.870740170036	809.5
FBgn0004782	120	8779.38452745227	1857.75
FBgn0039227	34	848.285758656476	820.5
FBgn0039311	22	1314.63555476237	799.5
FBgn0003334	46	4112.26688848909	1330.5
FBgn0004860	55	10366.2907285133	1598.25
FBgn0003187	189	8005.70350861855	1966
FBgn0004783	106	14017.7486324629	1868.25
FBgn0004854	110	6304.84855641339	1774.5
FBgn0005664	132	6774.75294521143	1841.75
FBgn0039480	134	7858.91419148404	1875.75
FBgn0039395	143	770.870876780778	1310
FBgn0004175	208	186.685028887233	1197.5
FBgn0039491	235	2093.01148827969	1677.75
FBgn0037464	7	304.272072601974	333.5
FBgn0039331	71	1512.07563212948	1240.75
FBgn0039501	323	3247.65252123764	1849
FBgn0039492	17	3846.57953819362	1022.75
FBgn0005616	95	6258.19754241908	1722
FBgn0039544	45	1852.71913540707	1105
FBgn0004169	27	440.112284362519	626.75
FBgn0038145	10	108.766150153038	262.75
FBgn0003997	48	7425.20610502389	1487.5
FBgn0039613	30	1575.50060851016	931.25
FBgn0039558	53	4878.75241711441	1435.5
FBgn0003861	12	4032.84333396383	979.75
FBgn0039481	122	6037.57167681786	1791.5
FBgn0039600	34	2807.63864378832	1122.5
FBgn0003502	6	4307.92859739255	925.25
FBgn0039241	7	1286.03412325183	613.5
FBgn0039628	39	1346.90375936997	977
FBgn0004620	21	77.3618023057847	370.5
FBgn0039630	36	547.096250424951	756.25
FBgn0039576	189	5170.14384425715	1869.5
FBgn0003676	22	229.907739249783	483.5
FBgn0005355	47	3369.22940466109	1280.75
FBgn0039518	220	2782.8635392418	1744.25
FBgn0039636	83	7867.87212972013	1723.25
FBgn0003279	21	669.88913023432	631.5
FBgn0003891	53	1899.11388216478	1183.5
FBgn0039748	30	2155.0623325656	1020.75
FBgn0003886	20	1214.29251281409	755.75
FBgn0005612	90	1549.73376381459	1334
FBgn0039503	10	2418.32595597764	818.75
FBgn0038418	10	675.089764511767	504.75
FBgn0003887	12	71.5904214269992	255.75
FBgn0036449	4	16.6612963128371	94.5
FBgn0037030	12	55.7469992190096	232.25
FBgn0003366	36	331.589085041444	669
FBgn0039498	76	975.777560626964	1165.75
FBgn0039707	295	3478.59466644198	1858.75
FBgn0039792	208	522.925066833645	1334
FBgn0039796	319	1518.48281701075	1645
FBgn0039686	84	5390.03615166723	1645
FBgn0039728	77	4999.232905416	1598.25
FBgn0004643	32	796.497125232155	787.75
FBgn0039609	74	4079.80000387028	1527.75
FBgn0039797	304	1453.15437641248	1625.5
FBgn0039767	67	3905.63959787163	1477
FBgn0039805	107	5378.76333666631	1728.75
FBgn0040271	30	1655.64643796337	943.25
FBgn0039694	103	3835.36810741417	1625.5
FBgn0040356	34	1073.28001326981	873.5
FBgn0040038	234	586.652999425344	1379
FBgn0040343	88	3953.53550829089	1582.75
FBgn0039703	47	1626.04041061939	1086.25
FBgn0040323	78	5055.72760909249	1605.25
FBgn0040368	173	14913.5023572972	2002.5
FBgn0040371	145	83.7533398104639	1027
FBgn0038590	34	62.2922189098407	488
FBgn0033752	7	5.38525810818119	109
FBgn0003517	29	443.992321079858	651.5
FBgn0040382	125	8193.11809691935	1862.75
FBgn0039858	75	6045.11245541885	1633.5
FBgn0040637	126	7633.38434361843	1849.25
FBgn0040688	88	7649.80174281692	1738.75
FBgn0039752	60	1934.16224377376	1240.25
FBgn0040575	52	263.083725340391	773.75
FBgn0040773	44	549.706394280723	824.75
FBgn0040699	96	15876.6239173306	1840.75
FBgn0040508	90	2758.68513464944	1488
FBgn0040679	92	609.429087689454	1133
FBgn0040351	32	952.35743555331	828.25
FBgn0040812	114	2943.22145972985	1581.25
FBgn0040074	18	53.028030872577	301
FBgn0040923	67	2136.14340479118	1312.5
FBgn0036101	6	162.258441078527	258.25
FBgn0040252	4	188.760991525708	246.5
FBgn0040519	318	1435.79770211138	1629
FBgn0040859	162	1929.51168028846	1561.5
FBgn0005674	22	1860.45608718466	888.5
FBgn0040817	103	6524.79751766024	1762
FBgn0039637	72	5110.94446035326	1577.25
FBgn0004587	46	2332.91880694426	1176
FBgn0039709	67	12525.8471527962	1697.5
FBgn0039955	68	1581.40405426736	1238.5
FBgn0004698	29	835.435710482243	768.5
FBgn0040972	4	23.6876093523983	105
FBgn0038629	8	546.191942592613	443.25
FBgn0039622	58	2067.38256712072	1239.5
FBgn0038458	23	2413.61796427638	971.75
FBgn0003278	7	93.5875950626245	216.5
FBgn0042125	35	1796.98163231327	1010.5
FBgn0040996	147	1770.11459886491	1517
FBgn0040843	92	5850.30788451708	1698.5
FBgn0042094	51	9863.11012704103	1559.75
FBgn0040963	218	654.869348422297	1384.25
FBgn0040877	17	102.787949555059	341.75
FBgn0040747	37	176.457113086195	614.75
FBgn0040904	96	996.317032598838	1248.75
FBgn0042710	200	324.334873519079	1244.75
FBgn0042179	74	12013.1105913036	1732.25
FBgn0039714	32	3331.35589353526	1147.75
FBgn0039759	26	3635.41754522053	1112.25
FBgn0042205	29	7910.86414177042	1336
FBgn0040794	97	6369.4089101408	1734.75
FBgn0042085	51	1158.88044007631	1041.25
FBgn0043900	74	8097.04101432085	1687.75
FBgn0042189	114	20.7746455532228	892.75
FBgn0042198	161	3260.84280028366	1699.5
FBgn0045035	59	4971.10128562529	1485.75
FBgn0045827	225	552.844126176816	1366.75
FBgn0046294	142	47.7061050885904	978.25
FBgn0039577	87	282.309029895126	985.25
FBgn0046332	313	2367.73326724361	1762.25
FBgn0042201	131	10779.6859402523	1910
FBgn0004861	19	144.577236433614	403.5
FBgn0043025	107	1203.10726861387	1331.75
FBgn0047338	126	329.663185646968	1124.25
FBgn0039758	21	937.220533987301	704.5
FBgn0046297	118	21.5005043944043	903.75
FBgn0046793	290	3546.58367161365	1861.5
FBgn0039914	71	6901.61617018997	1639.75
FBgn0042182	54	1054.44093476396	1042.75
FBgn0045063	100	5441.72574706586	1710.75
FBgn0047095	36	1433.76664041415	961.5
FBgn0050094	53	2392.92655949783	1245
FBgn0046999	29	1855.82727706842	964.5
FBgn0050118	78	3505.20429150247	1505.75
FBgn0050110	64	1921.28834239572	1266.25
FBgn0046873	51	1356.81351897909	1078.75
FBgn0047351	304	4011.4904011566	1903.5
FBgn0050177	104	1067.75587502097	1292.75
FBgn0038818	16	144.926093110431	365.25
FBgn0050039	180	865.284818602019	1393
FBgn0050268	64	620.525401272736	1000.75
FBgn0042127	14	21.5743321592106	222.5
FBgn0040629	45	991.690057432313	949
FBgn0046875	143	10040.8426221494	1927
FBgn0050192	286	4633.73223246269	1931.5
FBgn0050275	279	1092.1928142432	1544.5
FBgn0050350	328	3441.88344437824	1871
FBgn0050093	17	69.7857293233545	312.75
FBgn0050363	279	2146.09778059809	1718.25
FBgn0050364	209	2398.0162507867	1692.5
FBgn0050365	209	2398.0162507867	1692.5
FBgn0050362	46	381.666203168631	769.5
FBgn0050366	279	2146.09778059809	1718.25
FBgn0050278	115	89.3631697515515	969
FBgn0040816	19	19.8653454488464	282
FBgn0050378	215	1014.36755800376	1477.25
FBgn0050376	219	249.709737015774	1237.5
FBgn0043012	23	817.428043859505	699.75
FBgn0050274	14	67.2384960078022	270
FBgn0050412	197	225.404048447941	1200.5
FBgn0040992	47	417.275767563372	796.5
FBgn0050461	42	502.320420720711	787.75
FBgn0050293	75	72.4773266754254	808.5
FBgn0050430	171	318.161369303636	1197.5
FBgn0050487	136	280.980155272125	1126.25
FBgn0041627	15	399.829457178158	463.25
FBgn0050045	9	99.5656296375086	247
FBgn0003330	38	2768.59032806638	1157.75
FBgn0041094	73	5777.52865230686	1610.25
FBgn0051055	87	12856.0752878287	1794.75
FBgn0051040	86	4490.30172950829	1607
FBgn0050334	9	148.459726757089	287.5
FBgn0051008	217	830.313914759929	1434.75
FBgn0051010	146	815.894124009453	1329.25
FBgn0051029	165	282.384006371382	1170.75
FBgn0003575	9	4147.54337652498	953.5
FBgn0004777	12	1569.87003415323	720.75
FBgn0050429	134	143.270105712906	1056.25
FBgn0051007	53	5.81084535023238	579.5
FBgn0051099	154	1491.77993380476	1481.75
FBgn0051141	279	1091.22699772826	1543.5
FBgn0051206	179	433.181333571014	1259.5
FBgn0039669	26	2202.54305428279	981.25
FBgn0043069	36	6823.91118745604	1373
FBgn0051226	239	682.442268313006	1414.25
FBgn0046222	9	140.737254208876	279
FBgn0050033	16	183.165652914906	389.75
FBgn0039788	29	636.419955439472	712
FBgn0051121	107	7051.78422831798	1787.25
FBgn0051281	199	3268.59976070341	1758
FBgn0051088	108	15635.3050992584	1881
FBgn0041712	51	4163.53893547403	1379.25
FBgn0050414	40	1321.16320153802	979.75
FBgn0051327	244	863.79190066281	1468.25
FBgn0050295	43	222.476495771888	685.5
FBgn0050154	71	4422.11376935227	1533.25
FBgn0051358	164	1896.72506900524	1559.75
FBgn0039722	9	140.142543288587	278
FBgn0051390	107	6406.06434979517	1770.25
FBgn0051245	134	125.288275128985	1038.75
FBgn0004580	19	32.1157934912203	298
FBgn0050050	52	2403.33124165205	1237.25
FBgn0050222	46	53.154381936568	575.5
FBgn0038978	9	80.0890375556423	232
FBgn0051391	231	2718.52934566582	1744.75
FBgn0050369	117	2673.42720551043	1562.25
FBgn0051459	129	74.0222353111946	986.5
FBgn0051533	195	730.633148274398	1376.5
FBgn0051542	264	634.549555385407	1415.25
FBgn0051624	234	821.230790278058	1446
FBgn0051482	126	298.356604575507	1108.25
FBgn0051344	61	13156.9750267659	1662.75
FBgn0051639	146	222.655040280958	1124.75
FBgn0051644	233	1989.94524292524	1661.25
FBgn0051682	133	3832.61748690844	1699.25
FBgn0051538	136	1019.41189658846	1361.25
FBgn0050384	35	357.691774358798	669.5
FBgn0051693	330	1930.06647949672	1716.5
FBgn0051730	243	10946.0003273848	2067
FBgn0050343	20	603.956486319453	603.75
FBgn0051292	21	681.809394988214	636
FBgn0051773	249	1851.66453150171	1657.75
FBgn0051679	187	723.220003626928	1362.25
FBgn0051787	121	9378.42537166783	1871
FBgn0051702	91	1332.89768174973	1303.25
FBgn0051784	210	535.605624235283	1343.25
FBgn0051788	131	434.004606219013	1182.5
FBgn0037500	4	2.19398568691669	63
FBgn0051804	304	3451.60258719099	1859.5
FBgn0051870	149	63.7883035903583	1013.25
FBgn0051874	324	2443.6918280694	1779
FBgn0051274	19	436.953890994922	536
FBgn0051501	15	660.860622723667	554.75
FBgn0051820	161	136.088313481911	1090
FBgn0051204	14	1398.40309208774	713.5
FBgn0051882	200	2123.09589099024	1645.25
FBgn0051909	53	3356.04174918324	1332
FBgn0051910	177	565.895363971711	1303.75
FBgn0051858	109	2615.70724265314	1537.5
FBgn0051907	65	5636.96386515192	1563
FBgn0050394	19	592.002113966773	587
FBgn0051363	67	3872.41107746191	1473.5
FBgn0051851	58	3714.00918213232	1399
FBgn0041181	21	1010.51418662933	721
FBgn0051948	184	456.565317744972	1275.75
FBgn0039809	19	31.7972287011773	297.5
FBgn0051921	155	1342.68298218367	1461
FBgn0051988	238	422.696610502129	1327.5
FBgn0051949	244	8923.87518667785	2046.25
FBgn0052026	265	1174.40937562591	1555
FBgn0040793	15	83.5407183574114	300.25
FBgn0046874	37	434.843919057701	725.5
FBgn0040502	37	2282.66050902414	1099.25
FBgn0051407	48	4112.38738875207	1350
FBgn0052061	254	1743.77756043762	1641.75
FBgn0052064	110	16.407636024732	876
FBgn0052081	289	1128.3824036667	1561
FBgn0003950	10	137.653657395363	286.75
FBgn0051802	49	23.1150809382345	577.75
FBgn0050462	42	502.320420720711	787.75
FBgn0052086	108	459.561904158315	1136
FBgn0052106	298	2374.28059120459	1756.5
FBgn0052119	309	4745.93503005135	1947.5
FBgn0038558	3	395.498578724809	319
FBgn0042641	15	53.3811941139096	263.5
FBgn0050443	14	55.8589514358874	254
FBgn0052117	63	214.535262463484	840.5
FBgn0052141	222	1109.13277683094	1507.5
FBgn0052181	310	1765.74548839144	1677
FBgn0051345	46	3063.88236017525	1247
FBgn0052075	25	1047.62508501559	775.5
FBgn0052192	279	3927.55224397524	1882
FBgn0051300	111	6452.16364469301	1783.25
FBgn0051816	27	671.219974187401	699.75
FBgn0052298	47	253.467209340636	727
FBgn0052240	201	829.552599519537	1415.5
FBgn0051546	29	430.535577273499	643.5
FBgn0051913	16	9.83819692485005	226.25
FBgn0052371	169	627.438726580156	1307.5
FBgn0051954	58	5597.9423099297	1508.5
FBgn0052281	96	5581.38141586216	1700.25
FBgn0052351	338	3140.51206406325	1844
FBgn0052436	274	1444.02698616392	1607
FBgn0052437	289	2264.5818803964	1740
FBgn0052396	99	788.955539722838	1205.75
FBgn0052450	110	174.593786160441	1022
FBgn0051700	42	950.948870852892	916
FBgn0051475	70	2361.7933120265	1356.75
FBgn0052076	80	5006.70978688599	1613.5
FBgn0052179	17	1200.0774622839	715.75
FBgn0052445	180	127.358558014337	1112.5
FBgn0052459	147	731.41760522061	1309
FBgn0052011	77	4355.5646333035	1561.75
FBgn0052230	24	452.498045319894	600
FBgn0052174	15	53.3811941139096	263.5
FBgn0052487	87	3256.04019320886	1518.25
FBgn0052488	152	2948.60073480247	1660.75
FBgn0046697	7	1673.79993000906	677.5
FBgn0052238	61	2926.42715430631	1353.75
FBgn0052591	323	7148.4348930172	2053
FBgn0052548	216	530.532720594859	1347.5
FBgn0052652	237	312.752130471349	1279.25
FBgn0040931	33	14.3451501164293	424.5
FBgn0052651	207	1637.79836225402	1582.75
FBgn0052580	9	413.113937559486	406
FBgn0052690	189	2626.94627080668	1683.5
FBgn0034330	1	0	15.75
FBgn0005771	5	1.52275806596765	73.75
FBgn0052069	11	20.0292544501897	185.75
FBgn0052655	308	2271.94420862079	1748.5
FBgn0052660	169	4381.96709990632	1794.5
FBgn0052428	62	3999.53625547656	1452.25
FBgn0052638	67	4132.92779996218	1493.5
FBgn0052971	61	3854.51071727733	1432.25
FBgn0050438	61	1050.26688321605	1091.25
FBgn0051547	62	1142.5193817969	1122.25
FBgn0036170	5	0	60.5
FBgn0053082	71	1178.78900589521	1183.75
FBgn0052299	47	253.467209340636	727
FBgn0046253	27	1133.210019876	818.75
FBgn0051368	42	2114.6804228888	1116
FBgn0052657	88	405.048056889746	1040.25
FBgn0052440	71	11625.3394775501	1714.25
FBgn0052832	271	3200.96069445261	1817
FBgn0052988	133	25996.5749130248	1948.75
FBgn0039632	14	521.16566087917	501
FBgn0041205	14	771.943429238969	575
FBgn0052726	27	2351.82535459687	1006.25
FBgn0051806	7	9.74895645698853	119
FBgn0038617	19	1202.4141998406	741.5
FBgn0052087	18	714.755995848224	610.5
FBgn0053191	109	2972.88953646251	1572.5
FBgn0053125	54	397.842607221152	847
FBgn0053136	101	365.644727659917	1075.25
FBgn0052553	4	599.049836189253	405
FBgn0053140	212	25518.2154025364	2068.5
FBgn0053284	204	1570.86887048471	1570
FBgn0051139	6	755.745742127449	478.25
FBgn0053293	180	7115.00602639908	1927
FBgn0051294	34	1134.22488201432	889
FBgn0052703	171	3535.42914480648	1738
FBgn0052719	15	108.991352610128	319.25
FBgn0053322	142	2444.10488795574	1596.75
FBgn0052107	43	625.348246913545	835
FBgn0050098	20	764.084102166168	647.75
FBgn0050349	66	1983.84734510152	1286.25
FBgn0053143	39	6688.03702095907	1395.5
FBgn0053489	121	400.41368755366	1138
FBgn0053664	74	312.123923378086	941.75
FBgn0053665	82	181.464908193275	925.75
FBgn0053667	80	524.818213373211	1060
FBgn0053668	75	79.7772614716209	817
FBgn0052161	15	1.03505353926942	191.75
FBgn0053017	59	10.1943300781311	636.25
FBgn0033693	4	8.05927214979683	75.75
FBgn0053490	46	2652.52427004524	1206.5
FBgn0053170	53	745.190532861994	957.5
FBgn0035753	8	23.4480402880265	156.75
FBgn0053548	86	8965.36480297155	1756
FBgn0052195	54	4040.5703455506	1399.5
FBgn0053527	83	6283.95784763239	1675.75
FBgn0053287	146	2300.41750337137	1587.75
FBgn0053669	183	1801.57259782916	1573.5
FBgn0053100	30	248.318646578361	577.25
FBgn0061197	317	3887.10195355616	1897
FBgn0037163	1	0	15.75
FBgn0062978	19	63.1351458362173	329
FBgn0064119	321	1870.05234162584	1705.25
FBgn0034897	15	220.44595402342	394.25
FBgn0004657	13	56.5793630758193	246.75
FBgn0053123	23	203.969188037525	485.75
FBgn0052537	60	2050.71995817975	1253.75
FBgn0033426	7	983.447182091451	549.5
FBgn0051955	5	15.2289320515828	105.25
FBgn0066303	11	301.07459650622	380.5
FBgn0053229	5	360.320830700726	330.25
FBgn0052160	13	3067.91116660305	912.25
FBgn0060296	97	4620.98155124158	1656.25
FBgn0065059	39	343.840900625624	701.5
FBgn0052095	42	2424.04661921842	1155.5
FBgn0058002	56	410.187084924355	865.25
FBgn0063261	165	590.694600759761	1289.25
FBgn0040496	33	1239.51761585705	898.5
FBgn0052278	17	144.186436364845	377.25
FBgn0052495	101	5148.52359387099	1700.25
FBgn0053319	40	3415.3316701493	1229.25
FBgn0054049	155	1820.56116318421	1537.5
FBgn0085190	163	8211.57632173056	1929.25
FBgn0064912	258	953.252448218469	1499.75
FBgn0083167	43	323.637410293768	725
FBgn0085229	24	17.7091231377405	340.5
FBgn0085236	58	472.286452835678	906.5
FBgn0085233	241	1114.51874356945	1525.25
FBgn0053704	80	66.6221642513399	825.5
FBgn0038343	10	181.744264895096	321.75
FBgn0050338	1	0	15.75
FBgn0051028	22	1260.2933848584	787.5
FBgn0046696	9	14.2493487839402	155.5
FBgn0083991	90	5936.49615242057	1692.5
FBgn0052643	30	1100.68933206085	843.75
FBgn0085306	264	634.549555385407	1415.25
FBgn0053182	75	2066.60404522471	1347
FBgn0083970	121	12513.9529613919	1897
FBgn0052814	9	40.2869257707006	186.5
FBgn0063649	13	37.1246517818005	226.25
FBgn0054021	10	103.264861970788	261.25
FBgn0044826	5	380.349986751775	336.75
FBgn0052669	18	6.68903559968983	243.5
FBgn0085279	53	134.453876369634	714.5
FBgn0085356	85	5613.68488603602	1658.5
FBgn0085437	76	3857.00563512622	1522.75
FBgn0051973	28	132.19985239867	488.25
FBgn0085303	93	543.936974248435	1118
FBgn0085478	127	10462.1234896348	1896.5
FBgn0064126	54	1054.44093476396	1042.75
FBgn0065097	48	1644.85948181613	1099
FBgn0085468	49	157.717203112951	701.25
FBgn0053126	29	1042.92167586493	817.5
FBgn0085315	7	7.90032459042803	114
FBgn0085766	51	1395.04976741229	1082.75
FBgn0085772	16	113.629375902416	335.75
FBgn0058354	50	2570.54897729811	1235
FBgn0085308	24	2768.71026538444	1019
FBgn0085419	24	586.244374827051	645.5
FBgn0038466	5	2339.8612990898	744.25
FBgn0085211	38	4820.71638004357	1308.75
FBgn0069973	87	3094.97755663727	1505.25
FBgn0085599	88	4544.65934041906	1622.25
FBgn0058198	28	4173.33165983683	1174.25
FBgn0085376	25	207.607157632133	508
FBgn0053530	26	869.749178072806	744.25
FBgn0085310	74	2467.80033889104	1389.25
FBgn0085485	14	16.263866942679	212.5
FBgn0085239	200	709.807761441561	1379.25
FBgn0051013	23	1546.26799511355	849.75
FBgn0043364	3	0	37.75
FBgn0085321	100	435.549868763228	1103.25
FBgn0086915	343	3430.56285371768	1873.75
FBgn0250825	316	2230.23807996939	1748.75
FBgn0250840	128	59.1817538799102	965.5
FBgn0083943	79	56.1390095262829	805
FBgn0250845	167	118.270220000877	1084.75
FBgn0250846	266	1764.0693521277	1653.25
FBgn0043796	26	3962.20622451704	1137.25
FBgn0052602	25	1136.91723040175	800
FBgn0082831	59	3145.14580637665	1358.75
FBgn0085339	34	3289.41034048541	1164
FBgn0051213	1	0	15.75
FBgn0086367	72	8145.75635390055	1679.25
FBgn0085732	84	4266.3982948047	1584.5
FBgn0051861	4	2153	709.75
FBgn0086348	46	3421.39860596305	1278
FBgn0259111	96	11306.6742580284	1820.25
FBgn0085486	66	512.612573954091	981.25
FBgn0040601	5	2153	723.5
FBgn0064227	12	59.6421587360574	239.25
FBgn0250826	43	22.303521261078	527
FBgn0050069	21	2832.74563559036	987
FBgn0250874	40	843.921005142947	874.25
FBgn0259203	62	5817.48540262674	1547
FBgn0052499	48	2704.25974621901	1231.5
FBgn0086907	75	3706.41133422778	1506.5
FBgn0250871	40	1816.81864958951	1058.25
FBgn0052551	17	67.6046271569246	309.25
FBgn0086708	25	2034.32594476659	944
FBgn0085736	57	269.150507115686	811.5
FBgn0065035	55	4396.59169844553	1427.25
FBgn0086694	36	2092.40253257107	1063
FBgn0259219	16	161.369294102392	375.75
FBgn0259831	50	269.703879162548	759
FBgn0085201	9	39.9819097437316	186
FBgn0259143	53	1014.29597444215	1023.5
FBgn0250849	177	132.983708803852	1111.5
FBgn0259739	224	906.507791983661	1460.5
FBgn0260230	318	1492.5714323454	1639.75
FBgn0259223	50	2956.40898859626	1272.5
FBgn0260453	44	10.5723501870069	515.5
FBgn0260231	318	1492.5714323454	1639.75
FBgn0260428	193	1821.64203596136	1592.25
FBgn0259785	113	19216.6359423334	1895.75
FBgn0260479	113	6676.98903189091	1793.75
FBgn0260659	97	8805.94127254599	1795.25
FBgn0260466	321	1870.05234162584	1705.25
FBgn0054012	20	254.708700216583	468.75
FBgn0085199	18	714.442576837934	610
FBgn0085204	123	7931.01958537689	1853.25
FBgn0260761	36	593.76887441146	767.75
FBgn0053286	31	1074.62502833485	846.5
FBgn0051217	15	68.2383053854229	285.25
FBgn0259818	43	4439.34719351241	1330
FBgn0051953	4	0	46.75
FBgn0260722	113	7824.38973183318	1823.25
FBgn0036714	1	0	15.75
FBgn0086451	66	3417.60309577712	1432.75
FBgn0259878	34	1442.84062378135	943
FBgn0086251	36	2938.69732779437	1152.5
FBgn0260653	131	9858.30982294441	1901.5
FBgn0260855	73	2161.71710809669	1354.75
FBgn0082582	42	691.665258524086	847.5
FBgn0086916	33	1124.64385471447	877.5
FBgn0052647	26	219.369936711794	522.25
FBgn0260962	71	2630.66054506184	1388.75
FBgn0260997	94	5934.11145031659	1706.25
FBgn0260967	79	5542.41188349404	1632
FBgn0038201	1	0	15.75
FBgn0051779	8	19.5141869307987	149.25
FBgn0260762	36	593.76887441146	767.75
FBgn0261258	46	3867.88123612619	1311.5
FBgn0261341	91	5223.90270339	1667.75
FBgn0261402	35	338.10385169728	662
FBgn0086265	2	0	27.25
FBgn0003748	8	60.6443811130837	192.25
FBgn0085291	6	39.1697916114829	146.75
FBgn0069913	49	506.778982712148	849.75
FBgn0259233	60	8309.98271997886	1607.25
FBgn0259985	11	1536.68972647802	702.75
FBgn0260789	60	5194.83952891442	1506.25
FBgn0260969	75	8864.13663955329	1708
FBgn0261522	31	119.440765941669	512
FBgn0260434	117	89.3286577584566	972.25
FBgn0259992	35	82.8748038780734	521
FBgn0261504	61	3623.01641922769	1417.25
FBgn0261529	87	3380.9467058618	1529.75
FBgn0261536	195	4897.53887465933	1862.5
FBgn0243512	11	790.371602074774	548.25
FBgn0063498	24	189.513810105773	491.5
FBgn0261429	103	3663.2122036845	1615.5
FBgn0038638	2	0	27.25
FBgn0261548	30	2535.56715859598	1055.75
FBgn0260480	130	911.452882104596	1321.5
FBgn0261502	154	547.398653107737	1266.75
FBgn0261531	174	137.741396321043	1112
FBgn0086443	39	2581.10589793893	1145.5
FBgn0261534	41	308.20003343587	701.25
FBgn0259749	64	13770.3148186386	1687.25
FBgn0053987	23	811.915526976455	698.25
FBgn0261567	2	6.85271297283449	52.5
FBgn0260459	51	385.641964711686	815.25
FBgn0260996	40	32.5586718545762	512.75
FBgn0261537	195	4897.53887465933	1862.5
FBgn0052523	12	151.208980323432	323.25
FBgn0260006	5	93.4616818717233	190.25
FBgn0261505	61	1337.47917532724	1151.75
FBgn0261928	15	334.888335180913	440.25
FBgn0259216	87	10883.7357183926	1780.75
FBgn0261530	77	10343.7726129212	1734.25
FBgn0261582	167	170.472075810889	1126.75
FBgn0261835	204	1066.47088024716	1475
FBgn0033603	4	163.25454125155	231.5
FBgn0262002	221	374.115375021033	1290.5
FBgn0261287	64	121.691711995291	787.25
FBgn0262095	73	55.2903986126218	772.25
FBgn0262117	64	2307.4012316623	1317.25
FBgn0261873	106	4977.53386843439	1704.75
FBgn0261988	42	3132.96306002144	1219
FBgn0260776	67	1258.15098887829	1174.5
FBgn0261019	59	1397.50779599224	1145
FBgn0261806	100	7520.12834177644	1779.75
FBgn0260444	38	6284.49960574106	1373.75
FBgn0261686	15	407.937381070672	467.75
FBgn0260758	137	4794.69804874197	1770.75
FBgn0262097	185	1032.02749016454	1438.75
FBgn0262098	99	521.709804964373	1128.25
FBgn0262100	169	2341.55394321936	1625
FBgn0262687	303	3468.63994880514	1859.25
FBgn0262790	3	0	37.75
FBgn0262791	124	1362.62043004679	1404.75
FBgn0262807	3	0	37.75
FBgn0262850	23	108.813434495392	417.25
FBgn0261714	14	20.3752911403908	219.5
FBgn0261816	149	2795.63288706882	1645.25
FBgn0262485	100	300.241477852995	1041.25
FBgn0262787	209	919.809754119544	1448.25
FBgn0261015	37	434.843919057701	725.5
FBgn0261549	42	602.479749670841	820.5
FBgn0262966	75	1705.73142525051	1294
FBgn0262985	93	3771.69085256435	1587.5
FBgn0263032	68	123.02274075502	811.75
FBgn0260228	47	417.275767563372	796.5
FBgn0262955	80	1954.68697524484	1358.5
FBgn0262717	18	271.439590248597	450.5
FBgn0032535	1	0	15.75
FBgn0053110	4	2668.59544237058	762.5
FBgn0261509	19	165.848104836853	418
FBgn0008646	54	4324.56650324419	1417.5
FBgn0263006	31	789.772373579479	776.5
FBgn0010220	37	1956.33904320229	1057.25
FBgn0040942	11	984.973329461877	598.25
FBgn0052576	10	0.40993134349954	136.25
FBgn0260008	27	68.0814781385591	425.25
FBgn0053116	21	137.839862564438	416.5
FBgn0262849	32	452.820292904683	681.75
FBgn0262851	19	73.8807536671203	341.5
FBgn0262515	88	4463.30695978722	1617.25
FBgn0262858	64	876.802361940918	1072.25
FBgn0262568	167	192.66480321304	1139.25
FBgn0011244	209	252.167737369105	1226.25
FBgn0034187	5	729.528210117885	456.75
FBgn0261064	12	3600.31312849083	947.75
FBgn0262149	44	3982.57888012526	1308.25
FBgn0261996	73	8306.862428584	1686.25
FBgn0010830	125	10680.0583156837	1893.25
FBgn0039972	9	95.7739048602351	245
FBgn0262115	44	2497.14510726805	1176.25
FBgn0039084	3	1.96539988033871	52.5
FBgn0011297	61	3640.11299520787	1418.75
FBgn0011706	68	1679.50998431612	1253
FBgn0262476	24	497.069134128388	616
FBgn0263026	31	836.989932702927	789.5
FBgn0013300	156	797.864270819487	1340
FBgn0259713	8	110.513705665666	239.25
FBgn0261807	14	1083.24648327784	652.5
FBgn0010423	4	7.66406983417445	74
FBgn0085464	21	5337.91247164249	1160
FBgn0262102	9	853.717046606815	544.5
FBgn0013342	20	1540.02100431029	812.25
FBgn0011640	46	3201.59365119557	1256.5
FBgn0013675	24	1262.6274674092	813
FBgn0010825	72	3450.17465090907	1469.75
FBgn0260954	7	2173.59401915453	754.5
FBgn0011836	58	1290.73788021577	1120
FBgn0013676	41	2110.26541344034	1106.75
FBgn0261514	34	2439.71831830216	1086
FBgn0261625	8	16.7243505912143	147.25
FBgn0013686	76	6157.01428138428	1642.75
FBgn0011661	47	1226.3826015799	1016.75
FBgn0013699	53	4086.43126429261	1391.5
FBgn0010504	10	352.868767512221	390.25
FBgn0008635	91	2698.97563863535	1485.75
FBgn0010113	63	1809.98762558742	1241
FBgn0010278	36	219.534340824392	624.5
FBgn0011604	98	6732.45209105009	1749
FBgn0263077	54	3182.50248762568	1328
FBgn0262125	64	6207.49465442564	1576.25
FBgn0011766	23	178.449399753497	473.25
FBgn0262836	124	1362.62043004679	1404.75
FBgn0011273	200	394.953039380924	1269.5
FBgn0262592	25	1376.91180855289	843
FBgn0010612	36	734.513460021347	810.5
FBgn0011227	58	1353.59602151069	1131
FBgn0013681	70	5039.19749285925	1562.25
FBgn0011704	19	690.177215424793	616.5
FBgn0011760	40	437.495081499301	750.75
FBgn0013348	30	65.7129500036348	455.75
FBgn0263248	23	85.1543850715357	401.25
FBgn0260817	7	584.357768209053	440
FBgn0263106	17	1550.14518240928	777.75
FBgn0261286	21	2731.0410958019	978
FBgn0263219	82	5420.96244789963	1639.25
FBgn0263387	177	132.983708803852	1111.5
FBgn0260780	23	199.246389193111	484.75
FBgn0011202	46	1474.45334682434	1050
FBgn0263132	110	5060.67633337162	1724
FBgn0263241	96	5165.61686077314	1681.25
FBgn0263443	70	2387.72212100134	1359.25
FBgn0261562	12	1666.61051048479	735.75
FBgn0262581	75	11251.133422386	1733.5
FBgn0264297	79	3122.14632227172	1474
FBgn0264298	79	3122.14632227172	1474
FBgn0053218	20	1309.08694577097	774.25
FBgn0263033	68	123.02274075502	811.75
FBgn0263647	261	836.692326517322	1472.25
FBgn0263982	129	65.0501822965544	975.25
FBgn0012344	9	74.8658257892193	226
FBgn0263442	48	4415.77545512898	1367.75
FBgn0263492	58	934.663513263588	1040
FBgn0263776	73	2324.99011855445	1369.25
FBgn0263973	75	13878.644983325	1749.5
FBgn0264544	28	527.767643889622	669
FBgn0011207	12	156.712067124817	326.75
FBgn0013704	19	171.807973361981	421
FBgn0264561	43	1280.04412603678	995
FBgn0263406	19	25.3277560418522	292.5
FBgn0261458	35	3752.08646544849	1213
FBgn0261963	15	1036.01456914069	652.25
FBgn0086704	29	1573.92905247906	919.5
FBgn0013685	24	977.131031870083	753
FBgn0264562	57	2139.81915189964	1241
FBgn0264299	79	3122.14632227172	1474
FBgn0263494	16	1122.4180745255	687.75
FBgn0264364	225	552.844126176816	1366.75
FBgn0264906	43	901.756189608243	911.25
FBgn0263830	46	2359.84606858282	1179
FBgn0263911	31	577.158179407703	714
FBgn0262882	189	843.396833062578	1400
FBgn0011270	35	26.1478742633271	463.5
FBgn0263324	190	2759.39780685646	1699
FBgn0265263	159	94.1578828742318	1057.5
FBgn0085196	8	903.550226962641	541.25
FBgn0265265	323	2702.93588038649	1801.5
FBgn0265269	225	1254.36130107457	1538.5
FBgn0053203	20	2631.55791554371	956.25
FBgn0264309	86	1823.75471035161	1360
FBgn0263093	99	5430.94620961516	1704.25
FBgn0265140	33	3030.9777998384	1131
FBgn0265508	64	3323.76209810126	1411.75
FBgn0264600	87	5066.2084371572	1643.75
FBgn0265648	111	29065.9734466435	1899.75
FBgn0011576	32	3566.56730940281	1170.75
FBgn0264711	27	1104.89667291564	811.25
FBgn0263740	71	4036.07567472423	1509.75
FBgn0262566	31	3297.35725671868	1137
FBgn0013548	20	1067.31066103572	723.25
FBgn0264506	22	5985.59058162377	1197.5
FBgn0264993	119	9071.09088220156	1864.25
FBgn0265649	88	9447.54228127828	1773.75
FBgn0265963	32	6246.17025726389	1312.75
FBgn0265052	44	247.763986829147	698.75
FBgn0264517	80	3228.71299927786	1489.5
FBgn0051176	7	610.281653962325	448.5
FBgn0264916	17	1510.489085954	770.25
FBgn0260454	44	10.5723501870069	515.5
FBgn0039656	7	1723.59562065987	684.5
FBgn0266021	118	23859.8762018189	1910.75
FBgn0266438	101	7868.73788028535	1794.5
FBgn0039856	2	0	27.25
FBgn0265003	16	2953.07830661499	935.75
FBgn0264674	49	4631.70944296077	1389.75
FBgn0264572	26	86.3001264583204	432.25
FBgn0266439	101	7868.73788028535	1794.5
FBgn0264789	58	3970.14315813749	1419.5
FBgn0266144	43	357.595948968089	738
FBgn0265902	16	179.593481965234	387.75
FBgn0266417	21	405.231747732403	539
FBgn0266540	80	4884.15270579948	1604.75
FBgn0067779	10	1467.82738496272	680.25
FBgn0040534	4	66.0259407727464	148
FBgn0265428	8	744.257808517529	500.75
FBgn0039749	10	26.7254105857886	188.25
FBgn0266638	67	1939.02513296615	1288.5
FBgn0265271	208	1771.82701803296	1605
FBgn0004636	5	2187.3112716491	730.25
FBgn0266284	9	433.083315618432	414
FBgn0266729	31	3679.55221744824	1170.5
FBgn0266624	37	1178.093606414	929.25
FBgn0265915	68	3651.55821179854	1466.5
FBgn0266917	86	8825.99964481761	1752
FBgn0266053	37	966.450626640431	880.75
FBgn0266083	38	2763.17194606368	1157.25
FBgn0263493	12	490.223266985908	468.75
FBgn0267042	32	2698.13746528279	1090.75
FBgn0262036	9	412.050904339345	404.5
FBgn0265295	24	655.733333666907	663.5
FBgn0267043	70	9335.7685904286	1686.25
FBgn0267044	90	36163.9406142323	1831
FBgn0267045	80	24393.012702446	1787
FBgn0267046	208	9588.18539396459	2018.5
FBgn0264510	42	1603.21275151118	1042
FBgn0267047	184	5200.17830240413	1864.75
FBgn0267048	100	5370.51354217462	1706.25
FBgn0267049	98	2616.32888709645	1501
FBgn0265177	58	1309.91291176266	1122.5
FBgn0266628	48	1071.94259126499	994
FBgn0085454	23	84.6323809101169	400.75
FBgn0265810	25	2960.49815294521	1044.5
FBgn0265512	72	7979.0957292122	1675.25
FBgn0267151	54	820.747794464543	986.5
FBgn0265070	5	300.268926211671	303.5
FBgn0264432	29	841.035419064441	771.5
FBgn0267050	97	2060.07636876391	1434.75
FBgn0266437	5	423.284702557136	358.25
FBgn0013301	146	345.144635357312	1173.25
FBgn0267411	87	52.0889976581738	830.25
FBgn0267413	169	392.286350945498	1220
FBgn0267417	142	268.65270236502	1129.75
FBgn0267418	183	1668.25071290032	1553
FBgn0267432	41	1148.46796412264	954.75
FBgn0266436	128	660.270379874458	1247.5
FBgn0267366	57	128.492132406822	736.5
FBgn0266691	59	1974.51642884618	1236.25
FBgn0265342	32	240.656885969006	592.25
FBgn0265702	26	461.157056337531	622.5
FBgn0265901	24	952.215115739023	746.5
FBgn0266696	34	666.345706493016	767.5
FBgn0085826	11	343.246271976275	397.75
FBgn0267496	58	1670.97691075246	1181
FBgn0267499	37	698.493850277845	809.75
FBgn0267500	47	1935.34894419493	1135.75
FBgn0267502	38	934.932784023137	880.25
FBgn0000279	2	0	27.25
FBgn0013688	26	5276.18294575983	1212.75
FBgn0267503	44	1545.76000230266	1048.25
FBgn0266925	107	5492.32032770592	1734.25
FBgn0267078	59	1399.88324926641	1146.25
FBgn0267228	60	2996.70877220515	1353.25
FBgn0264545	28	527.767643889622	669
FBgn0259101	10	312.856291118838	376.25
FBgn0267113	9	87.5370526344478	237.5
FBgn0266866	34	3540.30052108484	1186
FBgn0267492	160	683.320327592337	1311.5
FBgn0010317	27	733.851183080667	719.75
FBgn0267495	94	7439.25048566973	1753.75
FBgn0263583	27	1556.7505983981	894.25
FBgn0267668	22	918.33284062842	712
FBgn0267776	36	547.096250424951	756.25
FBgn0261563	23	788.484819685109	690.25
FBgn0266577	42	959.787421397271	919
FBgn0266627	52	4573.60713367981	1413.75
FBgn0266972	25	545.067524471358	644
FBgn0267419	63	8.08622675200837	658.5
FBgn0267727	303	822.506718356386	1492.75
FBgn0267253	27	271.734515984324	553.25
FBgn0041188	8	1133.05747603172	596.25
FBgn0283433	2	0	27.25
FBgn0010786	12	668.011674762309	523.75
FBgn0267660	66	9938.63339992875	1671.25
FBgn0266195	59	1397.50779599224	1145
FBgn0267812	50	3042.92755416827	1279.5
FBgn0267861	71	11458.3008784991	1713.75
FBgn0283476	55	5282.2462678514	1476.25
FBgn0266694	44	3213.14615943552	1242.75
FBgn0013756	40	537.259095447926	785.25
FBgn0266486	8	1097.00792257115	586.5
FBgn0267337	20	1933.97482319483	875.25
FBgn0270924	60	7171.55765606489	1579.75
FBgn0267490	117	295.880478038846	1086.75
FBgn0267985	39	996.701665330716	903
FBgn0267112	8	153.864364468793	277.75
FBgn0267545	67	2796.86702686576	1385.5
FBgn0066304	11	301.07459650622	380.5
FBgn0264862	8	20.0324811916237	150.75
FBgn0032006	1	0	15.75
FBgn0039235	3	0	37.75
FBgn0041184	5	62.0307888778685	156.75
FBgn0267736	31	10464.7134656557	1390
FBgn0266382	37	1121.30268828907	916.25
FBgn0013746	100	14775.7955734563	1852.75
FBgn0266656	18	776.999280001716	628
FBgn0014179	195	2931.8530558136	1719.5
FBgn0267725	21	2080.83341932517	904
FBgn0014018	17	846.911839841212	635.25
FBgn0015221	22	1310.02813249791	798.5
FBgn0011817	22	593.896949078312	624
FBgn0278598	35	504.374801316591	729.5
FBgn0014189	29	1246.13913724414	862.5
FBgn0261602	8	10.092376636828	134.75
FBgn0046258	7	3.51710162472719	105.5
FBgn0266740	34	1451.17138959217	944.5
FBgn0014417	11	725.165195178045	529.25
FBgn0015222	30	3970.89825667544	1184.25
FBgn0267164	5	1486.16754711436	620.25
FBgn0014455	48	533.201165024402	850.5
FBgn0014903	84	2304.45185874022	1416.5
FBgn0015568	60	2381.4810967086	1296.25
FBgn0266798	127	3052.07053010298	1623
FBgn0267383	65	61.4174915370123	738
FBgn0267592	136	664.372878401952	1266.75
FBgn0270925	214	214.048065179336	1216.25
FBgn0013770	37	2265.93000623485	1097.75
FBgn0015795	44	2009.48150045806	1118.25
FBgn0266933	28	949.36084205363	786.25
FBgn0015766	28	507.885593952802	662.25
FBgn0267326	132	7502.3738299983	1861.75
FBgn0015805	69	4292.83403412059	1515.5
FBgn0266741	15	1414.78421957339	728.25
FBgn0015240	86	5455.11794479328	1656
FBgn0266757	26	1328.34249756944	845.25
FBgn0267157	41	1822.85358131872	1068.25
FBgn0267471	8	61.7498755034344	194.25
FBgn0014391	19	115.139746055041	375
FBgn0016078	63	2713.34924710551	1350
FBgn0267512	44	1068.03349835667	959.25
FBgn0267550	50	5301.77262534699	1433.25
FBgn0015799	81	7021.92984187367	1693.5
FBgn0015770	165	1775.30228639774	1540.75
FBgn0014163	40	300.814200062363	690.75
FBgn0016687	32	937.650232165977	823.75
FBgn0265988	11	1469.74098294341	690.75
FBgn0267632	16	300.652844923469	437.25
FBgn0017572	101	6597.15336377643	1758.25
FBgn0015031	36	52.3064702027373	492.5
FBgn0266859	21	120.636789255932	403
FBgn0016930	32	1071.16276197797	854.25
FBgn0267511	6	393.997652095836	354.25
FBgn0014007	50	886.435618850547	966.5
FBgn0015737	49	2854.1074081882	1255.75
FBgn0016131	53	7512.01529075626	1535.5
FBgn0015949	89	11734.5468771301	1798.75
FBgn0015288	9	77.1859253678336	229.5
FBgn0017581	16	276.952156317419	426.75
FBgn0019940	20	163.747982908729	428.75
FBgn0035087	2	0	27.25
FBgn0020643	2	0	27.25
FBgn0263446	12	56.1831727682407	235
FBgn0267676	6	61.6073979202952	169.25
FBgn0259789	2	9.96634173976228	61.5
FBgn0283499	9	34.3227681769867	181
FBgn0016038	50	6005.4511429505	1461.5
FBgn0014454	91	7277.29493318847	1740.75
FBgn0019830	45	232.758550091306	703
FBgn0020372	52	2280.05544739287	1222.75
FBgn0016123	23	1370.16286625525	821.25
FBgn0020388	45	8637.51739919957	1489
FBgn0283500	53	4465.23034869925	1417.5
FBgn0015663	72	3649.41610095935	1487.25
FBgn0021895	99	7839.47161903576	1781.75
FBgn0015582	27	2119.65082964019	976.25
FBgn0020386	33	681.990049496224	764.5
FBgn0021760	57	3567.96847462558	1380.5
FBgn0022985	42	1708.91134628104	1057
FBgn0015925	17	139.479678906985	370.25
FBgn0020378	13	2299.12785036132	835.25
FBgn0022153	14	41.1915988027551	242
FBgn0267777	15	459.828061554128	491.75
FBgn0267035	7	87.9872354254977	211.5
FBgn0021796	11	356.225040250468	401.25
FBgn0015929	29	794.751839780316	758
FBgn0020407	97	15136.996044357	1842.25
FBgn0023129	38	1973.0116494831	1066.75
FBgn0266672	7	443.905885053093	393.5
FBgn0022702	126	9062.69433611589	1880.25
FBgn0022770	21	3964.83892061969	1082
FBgn0267693	11	186.415570083581	332.25
FBgn0023130	22	2099.91020913626	919
FBgn0020392	42	3399.2400941538	1243
FBgn0039099	2	0	27.25
FBgn0266817	6	1268.64945189804	597.25
FBgn0024510	4	912.120335464256	490.5
FBgn0020272	58	3832.19791760348	1405.5
FBgn0022959	130	7153.98957038722	1849.5
FBgn0023511	24	2840.62093276851	1025.5
FBgn0267721	48	47.9489179087726	590.5
FBgn0020371	165	622.352331348508	1298.25
FBgn0025390	29	626.942742219114	710
FBgn0025335	32	342.496192117927	634.75
FBgn0024889	112	10936.7780191388	1866.25
FBgn0020765	21	1106.39806835174	744.5
FBgn0053964	4	8.05927214979683	75.75
FBgn0024897	11	48.3919924831893	213.75
FBgn0025454	74	2255.30423259906	1365.75
FBgn0023172	45	1259.67069023273	1005.5
FBgn0025571	122	7983.82649972511	1851
FBgn0025355	80	4884.15270579948	1604.75
FBgn0025674	32	1481.19910715891	930.75
FBgn0261445	7	2887.07089580247	824
FBgn0024998	50	4245.12705762848	1375.5
FBgn0025573	36	5029.17959935298	1302.5
FBgn0024989	35	1377.69752479657	944.5
FBgn0015905	12	1379.51003907151	690.25
FBgn0024977	41	1565.89091112284	1026.25
FBgn0022355	56	660.089193768713	950.25
FBgn0025739	95	7612.53415413818	1762
FBgn0025616	146	532.125149604206	1247.25
FBgn0019828	174	111.993820210275	1092
FBgn0025720	58	1934.26327456509	1224
FBgn0025725	32	333.439420476729	631.75
FBgn0025625	72	7142.21802593273	1652.25
FBgn0026077	94	14744.9199597733	1830.75
FBgn0026192	107	8851.38334141231	1829.75
FBgn0267587	23	175.006125926896	471.25
FBgn0020370	58	487.975342501784	912
FBgn0016081	39	626.026563997208	803.5
FBgn0039638	8	453.562980305474	408.75
FBgn0267481	7	144.381880776137	258
FBgn0019686	14	70.6484885749907	275
FBgn0020908	9	789.238762115984	526
FBgn0025111	29	214.326819077659	555
FBgn0026143	76	3767.83198554388	1517.25
FBgn0026404	141	10133.0478321061	1922.25
FBgn0025697	47	2852.91953527157	1236.75
FBgn0015574	18	148.145142025074	392.5
FBgn0026136	237	1120.6460841618	1522.25
FBgn0027088	106	5509.07640445247	1730.75
FBgn0022935	42	6543.38081009763	1415
FBgn0025682	22	1281.55243133652	792.5
FBgn0026597	87	13419.2619991909	1798.25
FBgn0026620	46	1391.96100679563	1037
FBgn0027552	93	7848.61991863529	1763.5
FBgn0026741	60	524.743074798375	943.25
FBgn0022029	29	333.143151436027	602.5
FBgn0027490	28	5241.98402233064	1234.25
FBgn0023094	32	625.814626871974	737.75
FBgn0027074	34	6175.85426450555	1329
FBgn0027495	70	2559.12081320818	1374.75
FBgn0027600	127	6321.772118691	1815.5
FBgn0025821	38	5234.39741315391	1332.25
FBgn0015008	80	2865.55164242066	1460
FBgn0027376	102	1856.84003435913	1427.75
FBgn0027608	66	1847.91224242194	1267.75
FBgn0026141	215	560.420824080118	1356.25
FBgn0027090	53	2606.50264619083	1264.5
FBgn0027844	126	12455.4843712061	1908.75
FBgn0028379	134	1226.72655525754	1401.25
FBgn0028513	231	424.579735262311	1320.75
FBgn0027587	51	1159.59914022523	1042.25
FBgn0024315	95	23926.5982229305	1843
FBgn0028540	42	1924.83070799854	1091
FBgn0028530	118	5217.43440965464	1749.25
FBgn0267794	14	467.445086649135	482.5
FBgn0025378	127	1130.41078462219	1367
FBgn0028531	312	1169.66523752743	1579.5
FBgn0028541	58	3172.88328508501	1352.5
FBgn0023001	42	3946.77879848734	1288
FBgn0026428	53	5060.45960567812	1448.5
FBgn0028567	236	736.23820381233	1426.75
FBgn0028847	188	148.711450423455	1144.75
FBgn0028857	214	10143.7988787374	2030.75
FBgn0028868	178	1226.10841988291	1470.75
FBgn0028893	120	248.991731265523	1074.75
FBgn0028838	189	807.273803239406	1390.5
FBgn0028880	237	10861.9065599514	2059.75
FBgn0028901	185	776.995515791168	1375.75
FBgn0017456	47	271.270874591998	733.25
FBgn0028892	160	494.431567774034	1251.5
FBgn0026563	61	822.304924013371	1037.25
FBgn0040608	6	3.66730524152673	94.75
FBgn0028561	28	839.310571725329	758.75
FBgn0027084	28	1278.74550466166	856.25
FBgn0028938	80	7480.00819793861	1703
FBgn0064766	4	3.407342830822	65.5
FBgn0028658	90	6340.97365556307	1708.5
FBgn0028527	32	3489.95577409962	1164.75
FBgn0028902	148	205.115125614535	1120.5
FBgn0029153	258	1614.32401254323	1626
FBgn0020618	19	142.134615588503	398.5
FBgn0028903	260	1732.83241629882	1644.25
FBgn0028935	99	593.779336785379	1151.25
FBgn0028669	55	4610.99304848552	1440.75
FBgn0029084	88	6321.7212849721	1700.25
FBgn0029154	258	1614.32401254323	1626
FBgn0028941	83	2629.43659712029	1445.25
FBgn0028886	61	3466.8083312618	1403.75
FBgn0029552	118	21446.9853512469	1910.25
FBgn0020399	12	599.37989413488	505.25
FBgn0028991	90	6035.92743464092	1696.5
FBgn0029659	239	307.351335561262	1279.25
FBgn0029501	123	570.764811701335	1210.75
FBgn0029661	113	19947.1812295543	1896.25
FBgn0028577	47	2321.14679110863	1183.75
FBgn0029095	90	3918.31422476888	1586
FBgn0027932	37	6369.0919855947	1368.75
FBgn0029703	157	14251.653979902	1977
FBgn0023169	36	2663.27662793545	1125.5
FBgn0029105	18	3208.18703298385	983
FBgn0029717	71	18312.7513551001	1734.25
FBgn0029702	214	300.497887062707	1250.25
FBgn0029730	136	1862.63141505371	1513.75
FBgn0029539	60	193.016756402924	809.75
FBgn0029700	183	896.971917278054	1403.5
FBgn0029745	71	7070.45555163426	1643.25
FBgn0027570	8	54.0832369164551	183.25
FBgn0267433	29	37.48119337701	413.5
FBgn0029750	135	796.062614910627	1302.75
FBgn0014859	8	2411.16642896557	791.25
FBgn0021814	22	731.547916494203	664
FBgn0027601	17	15.2241402823102	250.25
FBgn0028983	29	102.284700692189	479
FBgn0027607	21	1176.83583748374	760.5
FBgn0029113	60	3582.72153287095	1408.25
FBgn0025185	13	2304.29962699411	836.25
FBgn0028572	57	4005.47918717204	1413
FBgn0029838	52	4538.16098817129	1412.25
FBgn0028544	98	7442.6682851183	1767
FBgn0029133	29	1209.08920392659	855.5
FBgn0029736	43	3371.39784437162	1249.5
FBgn0028969	43	5897.69186669869	1398.5
FBgn0029946	200	426.872244036201	1288.25
FBgn0029752	166	1346.44311393064	1474.75
FBgn0029947	166	71.2147987226107	1044.75
FBgn0029949	96	34.8074653747698	852.25
FBgn0027794	16	278.684716242399	427.25
FBgn0028997	34	1551.84689868031	963.5
FBgn0029820	53	4317.58565830595	1407
FBgn0029989	83	20468.5936207702	1793.75
FBgn0266201	3	2153	700.75
FBgn0029812	123	1113.21560477506	1352.75
FBgn0029963	29	10.0372074802019	378.5
FBgn0029870	18	1512.66327114075	784
FBgn0026263	10	1009.45896706754	591.75
FBgn0029912	108	7741.68807296302	1809
FBgn0025835	13	28.3188177893438	221.75
FBgn0030007	60	3635.42765396047	1410.75
FBgn0028913	58	1091.60114695689	1077
FBgn0030109	92	9135.83857905979	1785.5
FBgn0029176	20	91.8539789187793	372.25
FBgn0028560	50	16.5231057008994	575
FBgn0029952	39	75.3675911345999	552
FBgn0029951	208	803.19339776551	1417
FBgn0029839	70	4312.49081644981	1521.25
FBgn0030141	48	1506.5608799593	1075.5
FBgn0030033	230	499.380462555598	1346.75
FBgn0030191	95	152.569258925262	957.5
FBgn0030224	122	385.953724572255	1135
FBgn0030277	289	1120.94133488112	1558.5
FBgn0029816	66	282.349971386763	884.75
FBgn0030278	314	3975.23799597234	1905.5
FBgn0029992	52	7130.98000030238	1515.75
FBgn0027791	13	372.309021458408	431.25
FBgn0029874	38	4677.90537542092	1301.75
FBgn0029688	27	1302.78986965947	851.25
FBgn0030283	75	169.076997514909	887.5
FBgn0028406	56	1587.95380269925	1155.25
FBgn0029836	78	4529.29688922936	1578.25
FBgn0030316	27	1580.51259601203	898.25
FBgn0025809	24	2596.11207581418	999.5
FBgn0030114	136	11021.0814929092	1924.25
FBgn0023541	17	3150.72954159484	966.25
FBgn0029725	22	142.761429523032	435.5
FBgn0034098	1	0	15.75
FBgn0029715	55	1576.12037368159	1149.25
FBgn0024332	21	563.374083190664	603
FBgn0030240	146	11957.510733104	1948.75
FBgn0030506	52	2604.80211831643	1254.75
FBgn0026079	28	2532.53306835378	1032.25
FBgn0029861	22	410.408974288108	555.5
FBgn0030096	61	2023.0676237996	1256.75
FBgn0030342	37	2120.43617199412	1077.75
FBgn0015032	5	933.228600446486	508.75
FBgn0030247	169	406.713358260672	1227.5
FBgn0030376	235	1319.303579845	1559.25
FBgn0267242	5	1.37055281882868	73
FBgn0030578	270	2199.02106888247	1724.5
FBgn0030510	92	6149.06978863953	1708
FBgn0030554	110	7261.36005725023	1803.5
FBgn0267705	11	419.199266997122	430.75
FBgn0014342	5	25.427791994132	122.25
FBgn0030556	67	5185.07721750042	1552.5
FBgn0029662	74	4458.23160345255	1553.25
FBgn0030317	23	882.455617084058	715.75
FBgn0030481	3	2153.42401063908	702.5
FBgn0030215	33	195.092774811734	586
FBgn0030770	202	8513.68556059497	1997
FBgn0025743	5	81.5503710498394	179.75
FBgn0029859	28	63.2562922638653	430.25
FBgn0030356	197	1842.8733288052	1603
FBgn0038180	2	2.02054360571497	42.5
FBgn0030357	27	2033.12811291482	963.75
FBgn0030780	172	8100.23896490574	1942.5
FBgn0030814	145	1956.67120905213	1542
FBgn0030687	77	3559.30482534506	1506.75
FBgn0030555	58	10519.3538420984	1618
FBgn0030293	53	3539.00346172375	1350
FBgn0030628	115	7798.52928311621	1827.5
FBgn0030829	42	6785.85339927546	1422
FBgn0030246	41	798.619844457903	868.75
FBgn0029002	22	1203.47624355316	777.5
FBgn0030846	66	1550.67107151797	1220.75
FBgn0030087	16	460.334599935866	504.75
FBgn0261998	11	142.697301968759	303.25
FBgn0030398	62	8764.78046149748	1626.75
FBgn0030671	73	10618.9280426827	1714.75
FBgn0030763	87	3891.3669707967	1570.25
FBgn0030826	44	1809.4641804068	1089.75
FBgn0030658	33	2776.18344205606	1110
FBgn0029837	19	21.0523920927857	285.5
FBgn0030882	96	3385.07637190336	1564.75
FBgn0030624	183	767.945313558344	1369.5
FBgn0030697	139	193.295710010682	1097.75
FBgn0030365	18	1927.79512067801	849
FBgn0030945	52	6270.53112361619	1488.25
FBgn0030933	253	1494.50568002558	1603.25
FBgn0030956	11	419.003882330329	430.25
FBgn0030960	61	2512.79582212633	1313.75
FBgn0030830	117	11079.7053717594	1879.75
FBgn0030350	48	358.957342863301	780.5
FBgn0030894	16	161.179758729774	374.75
FBgn0030966	99	3891.72916132004	1615.25
FBgn0030659	43	6541.68689816939	1423.5
FBgn0030788	13	187.587581640096	356.25
FBgn0030858	52	2189.09859331514	1216.25
FBgn0031008	74	7814.25217411208	1677.75
FBgn0030959	11	1347.31294675501	674.25
FBgn0029672	33	1045.00767901647	856.5
FBgn0030973	111	6092.87248023127	1768.75
FBgn0063497	4	2157.91389861199	713.5
FBgn0031048	35	11328.2932091765	1438
FBgn0030319	59	1024.04355079964	1070.25
FBgn0030877	104	9265.31987856932	1826.75
FBgn0030462	60	60.7271563415946	701.25
FBgn0030975	165	322.280947672784	1188.25
FBgn0031085	117	955.039190074377	1302.75
FBgn0030873	50	3556.36554440228	1325
FBgn0026753	32	859.671152543609	804.75
FBgn0031020	51	2809.553500596	1270.25
FBgn0031139	172	654.114155147736	1317.5
FBgn0030352	15	2092.38302262412	831.25
FBgn0030823	67	5138.6532493353	1550.5
FBgn0030878	154	29130.9269154511	1988.25
FBgn0031240	279	2683.61672555645	1775
FBgn0031051	77	3645.11454889627	1513.25
FBgn0031279	14	493.886298445112	490.5
FBgn0031298	59	1688.06300150224	1193.25
FBgn0039217	2	2153	690.25
FBgn0031235	14	134.801998674712	327
FBgn0030151	62	1759.04855258634	1223.75
FBgn0031103	103	86.9942921617511	932.5
FBgn0030384	12	3.37815454507008	164.75
FBgn0030952	106	353.322781802891	1082.75
FBgn0031323	141	209.852391878072	1106.75
FBgn0031332	110	690.913666553739	1216
FBgn0030015	33	133.934273692786	540.5
FBgn0031333	77	178.054748435976	902.75
FBgn0031335	153	978.569315061335	1381.5
FBgn0031295	313	7895.44415099576	2066.75
FBgn0031097	19	118.342381076966	379
FBgn0030280	136	58.6861802922177	982.75
FBgn0031347	268	4931.7196830555	1938.25
FBgn0030946	58	2609.95055938748	1300.5
FBgn0031228	66	5604.24701577497	1566.75
FBgn0031343	87	149.966466659063	925.75
FBgn0031372	329	8551.74903784674	2088
FBgn0031390	104	5354.23764777538	1718.75
FBgn0030562	18	2131.01137809131	875.5
FBgn0031130	40	840.203453445712	872.75
FBgn0050062	8	442.230293646107	405.25
FBgn0031108	37	133.289050579943	580.25
FBgn0031407	168	678.798114966881	1320.25
FBgn0031462	65	1240.00313781077	1161
FBgn0030932	45	1808.71710321555	1096
FBgn0031360	70	2867.93997726401	1406.75
FBgn0030027	9	7.42303815642648	139.5
FBgn0031489	56	387.923525715469	855.25
FBgn0027348	9	27.3150818591214	177.5
FBgn0031435	47	6060.57388701278	1437.25
FBgn0030985	26	798.752125167798	726.25
FBgn0031426	81	4418.45561712764	1584.5
FBgn0031443	207	3419.08112902698	1782.25
FBgn0030093	46	3364.35006256202	1270.5
FBgn0031410	209	1039.94166188689	1474.75
FBgn0031526	267	4023.96481833188	1884.25
FBgn0031546	178	15530.4741867601	2012.25
FBgn0031267	32	914.726221109029	816.75
FBgn0031077	47	939.182187450296	954.75
FBgn0031542	107	6947.71031246234	1785.75
FBgn0031604	91	3802.61077666495	1580.25
FBgn0031574	149	108.857493720914	1053.25
FBgn0030773	17	2315.51186168458	886.75
FBgn0030733	9	0.233659809597257	124
FBgn0031491	57	3894.39670707205	1403.5
FBgn0031304	79	2084.23563908188	1368
FBgn0031490	53	3039.61941645362	1305.5
FBgn0030915	14	659.602963814319	540
FBgn0031720	116	2331.46830905982	1526.5
FBgn0031545	175	90.1306235583915	1078.75
FBgn0031585	172	403.533468274168	1230.5
FBgn0031620	110	75.0676813490684	944
FBgn0031722	216	13565.7290733208	2059.5
FBgn0031723	145	99.2373940662238	1039.5
FBgn0031724	173	647.172998490749	1319
FBgn0031098	25	4285.71607814778	1148.5
FBgn0031476	139	1108.623305084	1386.25
FBgn0031626	170	781.094863023997	1352
FBgn0031548	78	9318.40196933382	1728.25
FBgn0030955	18	1756.23536906732	820
FBgn0031047	34	4800.82327001318	1268.5
FBgn0031728	246	891.039077686713	1475.25
FBgn0031785	130	160.345067815994	1060
FBgn0031757	142	15376.6069532571	1955.75
FBgn0004644	1	0	15.75
FBgn0039737	1	0	15.75
FBgn0052699	2	4.53960329239282	48.5
FBgn0053285	2	0	27.25
FBgn0069242	2	0	27.25
FBgn0250816	5	2.15734953993505	76.25
FBgn0250904	2	2153	690.25
FBgn0259184	1	0	15.75
FBgn0259247	1	0	15.75
FBgn0262364	1	0	15.75
FBgn0262532	1	0	15.75
FBgn0262837	3	0	37.75
FBgn0010052	4	2153	709.75
FBgn0010280	2	0	27.25
FBgn0013672	2	0	27.25
FBgn0263345	5	15.1378273240065	104.25
FBgn0265266	9	696.815535290159	500.5
FBgn0267152	17	1299.14824968094	735.75
FBgn0267733	2	29.5996415627052	92.5
FBgn0267809	1	0	15.75
FBgn0283434	9	2747.44459172924	838
FBgn0014011	3	37.8585428674245	108.5
FBgn0020644	2	0	27.25
FBgn0025336	2	11.8754283272102	66
FBgn0025874	27	1414.11567882349	868.75
FBgn0028490	4	7.96843275669212	75
FBgn0028537	5	2.45892428369984	77.25
FBgn0029798	15	640.124501960852	549.25
FBgn0029831	5	78.1087921697459	177.75
FBgn0029905	5	84.3768240198855	181.75
FBgn0029976	16	754.2567572978	595.25
FBgn0030001	5	1.95380282531802	74.75
FBgn0030013	1	0	15.75
FBgn0030116	7	167.822422611992	274
FBgn0030174	19	507.389718981635	561
FBgn0030263	3	3.95697040705612	58.5
FBgn0030292	6	12.2978995039405	113.75
FBgn0030582	28	1486.07624281705	891.25
FBgn0030589	4	78.233377642942	164.5
FBgn0030653	3	7.04257919100157	63.5
FBgn0030720	19	1491.31971327279	791.5
FBgn0030795	6	21.9060134986745	130.25
FBgn0030859	4	24.0946254694771	106.5
FBgn0030872	2	1.83331452850586	41
FBgn0030990	15	57.1632147442002	270.75
FBgn0031001	15	216.808248804308	392.25
FBgn0031006	21	687.000405729357	638
FBgn0031042	12	1876.18407715585	772.25
FBgn0031093	17	326.259014050646	462.25
FBgn0031099	9	956.733516354866	570.5
FBgn0031106	28	411.7983288364	622.75
FBgn0031134	26	21.9626892081553	365.75
FBgn0031164	13	236.030011769163	375.75
FBgn0031208	28	290.054543406764	572.25
FBgn0031238	75	3943.26069572449	1524.5
FBgn0031299	45	542.367199375949	827
FBgn0031301	1	0	15.75
FBgn0031302	12	363.455459427471	416.75
FBgn0031377	83	8363.1246603361	1733.75
FBgn0031440	2	0	27.25
FBgn0031450	30	346.586601324981	619.75
FBgn0031464	7	17.339035129026	135
FBgn0031493	64	5303.34473113982	1542.25
FBgn0031496	35	412.300432151808	693.5
FBgn0031501	62	340.439799329115	883.25
FBgn0031571	13	187.037495743804	355.75
FBgn0031611	107	6646.54038060973	1776.75
FBgn0031637	2	5.5752991345278	50.5
FBgn0031649	37	1059.83907829884	900.75
FBgn0031682	12	119.218210579629	294.75
FBgn0031684	20	510.294894863796	574.75
FBgn0031690	10	3.6094848316344	144.75
FBgn0031692	105	5711.65701946317	1735
FBgn0031703	31	3248.76509881669	1130.5
FBgn0031725	40	2044.44245006396	1090.25
FBgn0031737	14	1647.83060788427	755
FBgn0031751	143	562.287813488374	1252
FBgn0031756	19	76.8428613246813	346.5
FBgn0031758	48	4415.77545512898	1367.75
FBgn0031786	234	4735.76606243379	1897.5
FBgn0031831	200	494.737703443383	1313.25
