gene	degree	betweenness	rank
FBgn0000044	1270	331.509279517881	1124.5
FBgn0000045	1128	279.744519491217	897.25
FBgn0000003	1413	526.681456585403	1455.25
FBgn0000046	1260	349.538490452618	1131.75
FBgn0000054	1136	402.526227688274	1038.25
FBgn0000057	1455	553.972204610796	1524.75
FBgn0000100	607	40.303023711061	93
FBgn0000092	1231	343.118270124588	1086.75
FBgn0000121	856	110.357432168184	362.5
FBgn0000279	601	39.5061960849724	90
FBgn0000286	1225	293.89470624713	1028
FBgn0000221	1120	392.896635923044	1009.75
FBgn0000250	737	81.6324026403304	239.5
FBgn0000303	781	49.8487762429817	176.25
FBgn0000330	1788	1251.65215109451	2020
FBgn0000337	1515	623.663213456303	1614
FBgn0000370	1593	707.070309349692	1718.5
FBgn0000376	1917	1554.17874092909	2118.25
FBgn0000392	1475	695.629235603209	1621.25
FBgn0000414	1598	710.878420292203	1731.5
FBgn0000449	805	85.7605370637122	280
FBgn0000451	987	148.552301120489	534
FBgn0000489	1258	313.640281507348	1089.5
FBgn0000497	1788	1343.30308427878	2031.5
FBgn0000499	1491	605.746366512433	1580.25
FBgn0000615	1001	41.5788630851296	314.25
FBgn0000658	1696	1189.68777073808	1962
FBgn0000547	720	46.3694539420702	141.5
FBgn0000662	1644	826.283160628519	1817
FBgn0001075	1578	725.388534288564	1713.75
FBgn0001112	921	139.38908966824	454
FBgn0001086	1125	245.75221703907	854.25
FBgn0001133	1078	296.066513238694	858.5
FBgn0001206	1230	308.449643687193	1048
FBgn0001226	500	37.7956050517389	69
FBgn0001227	1202	236.738935405344	926.75
FBgn0001229	1250	388.195224649613	1159.25
FBgn0001233	627	66.4303809585378	168.25
FBgn0001234	1000	176.159392832196	594.5
FBgn0001248	1265	373.014731110009	1162
FBgn0001253	1157	231.963445664592	869.25
FBgn0001291	509	46.6531669909008	94
FBgn0001301	1775	1158.57055418871	1997.75
FBgn0001217	966	43.8008872021772	279.75
FBgn0001311	1676	946.500821483577	1890.75
FBgn0001313	1537	632.735278614064	1637.5
FBgn0001320	728	50.58188883493	160
FBgn0001321	1546	803.609020733138	1729
FBgn0001324	1156	254.332129195307	895.75
FBgn0001961	1826	1434.80967367541	2063.25
FBgn0002183	1512	655.937722582705	1624.75
FBgn0002525	1405	430.69943396032	1371.75
FBgn0002576	1737	1105.0839453282	1970
FBgn0002569	553	44.5052734213436	93.5
FBgn0002783	1793	1154.16445645857	2004.25
FBgn0002862	1178	162.746173154221	774.25
FBgn0002873	1113	271.791649758814	866.25
FBgn0002909	1907	1551.27439073076	2113.75
FBgn0002869	822	131.518777598974	377.5
FBgn0002939	1155	334.122069745025	989
FBgn0002940	1233	293.777891608648	1035
FBgn0031844	1619	774.944093208093	1775.25
FBgn0031850	1324	347.173514533256	1206.75
FBgn0031853	1261	196.214291384949	937.75
FBgn0031859	1023	67.1372503138091	409.25
FBgn0031856	1312	414.171288155082	1265.75
FBgn0031861	1188	330.122297634434	1021.75
FBgn0031851	1393	533.77585474893	1443.25
FBgn0031878	1648	848.107708955754	1828
FBgn0031879	1468	637.345623839138	1582.5
FBgn0031888	1610	808.455163805042	1786.25
FBgn0031908	1678	936.082655221596	1889
FBgn0031925	941	95.4200341234351	388.5
FBgn0031926	1118	257.425685651546	858.75
FBgn0031940	1970	1822.75811935235	2156
FBgn0031941	1397	459.410158291444	1386.25
FBgn0031942	1814	1219.22630402947	2025
FBgn0031954	1158	133.299908089442	699
FBgn0031959	1734	1022.11389376557	1949.25
FBgn0031973	1241	384.204714847239	1141
FBgn0031971	1212	254.7189944568	964.5
FBgn0031974	634	69.9696373480366	181.25
FBgn0032003	1352	320.499896217692	1202
FBgn0032004	1792	1196.00126581241	2011
FBgn0032026	1293	413.55894715636	1244.5
FBgn0032039	1577	628.501191108227	1664.25
FBgn0032061	955	30.3606763940669	236.25
FBgn0032065	1500	453.70119530186	1481.75
FBgn0032072	1271	309.954719815041	1103.5
FBgn0032090	1360	481.814553667338	1362.25
FBgn0032006	384	31.797820630202	51.5
FBgn0032111	1292	246.066015385335	1056.5
FBgn0032143	1775	1162.45989892177	1998.75
FBgn0032175	1399	549.712736847361	1458
FBgn0032181	1296	411.332665691925	1244.75
FBgn0032192	1866	1422.78292177042	2078.25
FBgn0032213	1160	259.71284111259	910.25
FBgn0032217	1616	770.923159785416	1771.5
FBgn0032219	977	51.7363999796557	315
FBgn0032224	1303	353.897058344172	1192.75
FBgn0032252	1465	841.51669978091	1676
FBgn0032266	1750	1138.22735882976	1982.25
FBgn0032269	959	40.6338708489885	265.5
FBgn0032276	1145	144.435220281731	708
FBgn0032312	1428	431.624771066951	1396.25
FBgn0032313	1616	765.492607218674	1767.5
FBgn0032286	814	98.5837437538578	314.25
FBgn0032340	1340	370.354025497626	1247
FBgn0032341	1054	196.337807323159	696
FBgn0032314	1054	67.3475352519073	446.5
FBgn0032348	1303	489.396490916006	1313.75
FBgn0032360	844	10.9044901226818	135.5
FBgn0032362	1450	576.109699045485	1528.25
FBgn0032369	1494	591.418127108939	1575.75
FBgn0032370	1204	176.686499820493	827.5
FBgn0032372	1096	105.873351662884	574.25
FBgn0032374	1416	369.428451827998	1320.75
FBgn0032385	1757	1040.1371321745	1965
FBgn0032402	1222	277.072831857444	1005.5
FBgn0032409	1149	281.03733699684	922
FBgn0032414	955	137.721449575706	478.75
FBgn0032424	1272	238.187372003813	1019
FBgn0032430	1778	1207.59725845323	2006.5
FBgn0032433	1235	514.484109471051	1248
FBgn0032444	1652	905.551014348976	1854
FBgn0032457	958	42.04254622224	267.75
FBgn0032464	1402	358.410366607406	1295.75
FBgn0032478	1079	223.617255731544	765.25
FBgn0032471	1059	108.307162628716	541.75
FBgn0032483	943	135.710265857213	466.5
FBgn0032494	1274	519.624667315454	1305.5
FBgn0032495	738	51.0253328548521	165.75
FBgn0032512	1356	382.868423244946	1267.75
FBgn0032513	1610	770.274547122228	1766.75
FBgn0032514	1348	402.829936716969	1286
FBgn0032515	1890	1671.97621032344	2115
FBgn0032519	1626	772.247591508925	1779.75
FBgn0032520	1241	215.034750628615	940
FBgn0032521	1607	834.411241669048	1794
FBgn0032525	907	47.6256170299575	242.5
FBgn0032530	1179	222.56480655672	875.75
FBgn0032535	698	93.0924428151522	253
FBgn0032538	1942	1782.44394791936	2144
FBgn0032553	1319	324.294922617249	1175.75
FBgn0032554	1259	209.534580050127	957.25
FBgn0032563	1065	81.2322659906592	490.5
FBgn0032577	1419	595.68898959214	1504.25
FBgn0032588	1318	245.963705020153	1084.25
FBgn0032590	1033	62.6376505470316	411.5
FBgn0032626	1066	102.732101109799	542
FBgn0032587	974	177.260631819729	565.5
FBgn0032613	1078	199.114315269498	727.5
FBgn0032637	1598	683.085799103657	1717.5
FBgn0032650	880	17.6952258359011	165.5
FBgn0032648	1336	397.832659481216	1269
FBgn0032654	1035	67.3858025285852	428.5
FBgn0032660	986	280.912851528232	736.75
FBgn0032664	1680	855.223883065623	1856.75
FBgn0032677	899	18.9293190386202	180
FBgn0032684	1242	503.683689124157	1249.25
FBgn0032707	1836	1383.22947967132	2061.5
FBgn0032656	1078	196.633376533726	723
FBgn0032709	1385	394.256210581079	1313.75
FBgn0032721	1857	1402.31397724858	2073
FBgn0032727	1875	1496.80694566751	2089.75
FBgn0032729	940	140.204062595125	472.5
FBgn0032730	1656	913.971776813488	1862.5
FBgn0032755	822	9.04507162398629	118.75
FBgn0032768	1466	432.441320272639	1441.75
FBgn0032731	1431	569.568565291331	1504
FBgn0032769	1403	537.818556878301	1455.25
FBgn0032771	1091	112.933345743494	582
FBgn0032775	1664	875.175816092625	1851.5
FBgn0032781	1826	1240.25875734292	2033.75
FBgn0032505	65	0.595245564002922	2
FBgn0032803	1815	1355.6624601658	2047.25
FBgn0032812	1515	913.242502912115	1747.5
FBgn0032814	1889	1544.39452393402	2102.25
FBgn0032819	1443	514.140662783713	1479.25
FBgn0032867	1635	693.20980233835	1746.5
FBgn0032805	738	74.8055607458226	224.75
FBgn0032869	1136	99.3048834980335	611.25
FBgn0032877	1356	752.711575235892	1512.25
FBgn0032878	1247	180.677716913063	885.75
FBgn0032857	990	134.561396279358	510.75
FBgn0032895	1579	829.439382444697	1765.25
FBgn0032915	1626	819.595306676011	1802.25
FBgn0032894	778	6.99040991042484	92.5
FBgn0032925	1622	778.53707459628	1779.75
FBgn0032967	1404	489.870223321956	1416.25
FBgn0032968	1366	368.253720699949	1270.5
FBgn0032969	1258	231.520382774245	989.5
FBgn0032971	1695	904.775020163201	1890.25
FBgn0032973	1207	326.006587161915	1040.5
FBgn0033010	1115	202.857196914433	774.5
FBgn0033017	1390	446.166245237062	1367
FBgn0033020	1073	84.7101990557624	507
FBgn0033038	1740	1172.1896570217	1985.75
FBgn0033056	1191	143.365227442679	760
FBgn0033063	1440	646.038178337203	1555.25
FBgn0033074	802	13.2069999183091	115
FBgn0033122	1803	1288.65602825611	2030.25
FBgn0033141	1293	345.44259758771	1171.5
FBgn0033133	756	53.5154930842588	178.5
FBgn0033153	565	46.9791120397143	101
FBgn0033067	631	51.6659374069027	131
FBgn0033155	1598	825.86111538443	1786
FBgn0033160	1610	735.527657867324	1749.75
FBgn0033187	1581	724.769222562914	1717.5
FBgn0033188	1416	472.300307952955	1411.25
FBgn0033190	682	56.9975409188692	159.25
FBgn0033195	1163	217.169473330932	851.25
FBgn0033225	953	207.276971345589	600
FBgn0033168	1111	119.476962972656	614.25
FBgn0033233	1169	236.951480056611	892
FBgn0033260	1367	431.228506481358	1335.5
FBgn0033238	1038	63.1942830475002	420
FBgn0033278	1122	167.571401164664	719.75
FBgn0033279	954	30.7175819943265	236.25
FBgn0033272	1131	352.010100089691	981
FBgn0033283	798	42.4781158591358	166
FBgn0033285	1076	78.8899189792591	492.25
FBgn0033286	946	29.449105826956	227.25
FBgn0033287	816	8.27429719724298	116
FBgn0033307	1380	422.116734404818	1338.75
FBgn0033322	1072	125.906169389821	585.5
FBgn0033308	1900	1578.66724674593	2113.5
FBgn0033323	1033	94.5411670326685	486
FBgn0033339	1395	414.066968853753	1349.25
FBgn0033354	1202	229.421433563146	916.75
FBgn0033357	687	48.7680739197728	137
FBgn0033358	1368	392.961401550447	1297.75
FBgn0033330	1055	68.0425251640193	451.5
FBgn0033369	1301	278.703945293527	1107
FBgn0033367	1266	302.01680940873	1085.5
FBgn0033371	1144	136.715111698933	690
FBgn0033380	1811	1292.57067446289	2035.5
FBgn0033421	1674	940.61850391926	1885.75
FBgn0033391	691	76.4977739948717	209.25
FBgn0033426	858	188.582955866471	503.5
FBgn0033431	1035	147.226057976554	591
FBgn0033438	1609	915.384435072323	1831
FBgn0033454	1458	576.14037991095	1539.5
FBgn0033476	1206	269.819863309821	972.5
FBgn0033491	1172	263.392152921899	928.75
FBgn0033498	1117	258.863510787351	858.5
FBgn0033542	1318	509.671580068835	1347.25
FBgn0033581	1561	722.436734290058	1699.75
FBgn0033490	1149	215.149034581135	831.5
FBgn0033584	1124	191.657571711027	763.25
FBgn0033603	1305	446.219895241362	1283
FBgn0033609	1496	609.446801671381	1587.5
FBgn0033610	1597	1087.47689136189	1866.5
FBgn0033631	1487	540.908089189393	1540.5
FBgn0033638	1506	720.549491021121	1650.75
FBgn0033653	1015	187.837719338642	627.25
FBgn0033667	2008	2010.51281533579	2167.5
FBgn0033668	860	101.339427343443	346.5
FBgn0033680	1125	165.397427896171	721.25
FBgn0033693	960	143.250774311073	495.25
FBgn0033705	1586	664.390852950025	1690.5
FBgn0033728	1879	1446.81351828325	2085.5
FBgn0033730	1511	565.737307849632	1576.25
FBgn0033739	1154	448.169858928051	1098.25
FBgn0033740	1252	324.957404971099	1094.25
FBgn0033742	1391	431.712447952097	1358.5
FBgn0033752	715	72.8017177465241	213.5
FBgn0033802	1533	629.419298748863	1630
FBgn0033778	874	89.0354036422302	325.5
FBgn0033807	1305	395.102767018051	1234.5
FBgn0033818	1173	155.197554134581	755.25
FBgn0033814	1185	224.272509259634	889.25
FBgn0033817	1063	274.216947651141	821.25
FBgn0033819	1349	281.760002996301	1157.5
FBgn0033828	1543	832.42189933648	1737.5
FBgn0033860	1595	620.465962292985	1681
FBgn0033862	767	6.26604936148457	86.25
FBgn0033863	962	34.7816355429766	252.5
FBgn0033864	1046	65.8126805029818	433
FBgn0033859	1118	308.507627954975	918.75
FBgn0033868	845	18.3926747148929	145.5
FBgn0033869	1711	1254.10998181509	1983
FBgn0033872	597	30.4434063685872	69.25
FBgn0033888	1259	202.302637199764	947.25
FBgn0033902	785	103.937181763694	308.5
FBgn0033936	1825	1352.40021853249	2049.5
FBgn0033952	1260	270.415373585008	1041.25
FBgn0033955	1326	420.3065557517	1284
FBgn0033969	1332	294.217387089097	1157.25
FBgn0033981	1976	1885.48549753731	2161.5
FBgn0033984	1218	325.959174446145	1056
FBgn0033994	1462	646.852717113338	1580
FBgn0033998	1454	532.27024895168	1507.25
FBgn0034010	1542	645.532296163618	1646.25
FBgn0034030	1340	395.189608629566	1269.5
FBgn0034031	928	127.439384610093	434.75
FBgn0034071	1923	1680.38328245409	2131
FBgn0034082	1216	176.016817824073	843.75
FBgn0034099	1452	518.445841076856	1493.75
FBgn0034105	982	36.1092687596328	273.75
FBgn0034114	1689	1228.58670177761	1961.75
FBgn0034121	912	23.6436768934089	191.5
FBgn0034118	1499	676.675960353514	1626.5
FBgn0034122	1393	328.246589236418	1254.75
FBgn0034098	586	79.4433339336698	189.5
FBgn0034127	1322	301.161998158855	1152.5
FBgn0034129	1697	858.55149676489	1876
FBgn0034132	981	49.3609151289835	310
FBgn0034128	994	149.33623114805	544
FBgn0034133	1231	325.513918382625	1067.25
FBgn0034144	856	12.7051976166405	145.5
FBgn0034141	1267	318.255146949183	1106
FBgn0034173	1286	230.486212425627	1023.25
FBgn0034186	1707	1099.78191238679	1950.25
FBgn0034187	1252	496.682915551418	1253.25
FBgn0034223	922	183.018269117545	526.75
FBgn0034205	1347	419.740891164507	1302.75
FBgn0034245	847	106.229343080111	347.5
FBgn0034246	1403	417.77138175201	1359.75
FBgn0034253	1448	487.588139649559	1462.25
FBgn0034263	1902	1584.31234085111	2115
FBgn0034330	295	9.61871490123248	17
FBgn0034420	890	164.888632303303	482
FBgn0034443	686	64.6926529650695	182.5
FBgn0034435	1191	138.684184038952	750.5
FBgn0034459	1254	196.966844195346	932
FBgn0034461	1370	369.474058007522	1278
FBgn0034464	1050	62.2847969887458	428.25
FBgn0034447	1161	262.607652687661	916.25
FBgn0034467	1216	173.804893665927	841.25
FBgn0034471	1420	671.690883057603	1545.25
FBgn0034475	2017	2165.96264459191	2171
FBgn0034477	1773	1112.27904668808	1987
FBgn0034483	1420	386.811920216533	1343.25
FBgn0034488	1150	203.955709034061	817.5
FBgn0034499	1821	1328.27286287932	2044.5
FBgn0034520	627	120.226547046158	279.75
FBgn0034546	955	40.2755322098524	259.25
FBgn0034560	1271	195.036460430346	947
FBgn0034566	1848	1455.85400629599	2074
FBgn0034592	1119	163.400705905061	710.75
FBgn0034583	1242	294.179069296247	1049.25
FBgn0034641	1580	729.964793653009	1718.75
FBgn0034521	975	262.077929198879	701.75
FBgn0034601	954	34.0672801358526	241.75
FBgn0034645	715	51.1392388112933	156.5
FBgn0034647	704	100.845472187421	271.75
FBgn0034651	1429	395.141730946955	1361
FBgn0034657	1520	607.533353895039	1610
FBgn0034693	1511	739.2521381385	1663.75
FBgn0034709	1520	595.857119515592	1602.5
FBgn0034718	1157	212.770168340907	838.25
FBgn0034727	1571	821.460255618288	1755
FBgn0034687	927	151.634208462869	482
FBgn0034728	1133	302.474830862977	930
FBgn0034737	1290	344.442854057142	1164.5
FBgn0034745	1145	227.305334637313	849
FBgn0034658	778	5.2302590025441	89
FBgn0034793	1010	289.908473648916	772.25
FBgn0034800	1110	369.741740354832	972.5
FBgn0034786	1375	398.071007908527	1309
FBgn0034808	1515	767.118240140299	1682
FBgn0034816	1682	867.769844524778	1866.75
FBgn0034824	1068	67.4969089136465	466
FBgn0034825	1131	121.623915021646	646.5
FBgn0034826	1596	611.020420483085	1677.75
FBgn0034827	1254	227.008539569492	980
FBgn0034835	973	51.4090839542087	309
FBgn0034840	910	26.398508372048	195
FBgn0034841	1177	151.734549192111	755.5
FBgn0034842	1287	258.693129743993	1062.75
FBgn0034844	1033	64.4689512394758	415
FBgn0034828	1332	369.697281123512	1238.75
FBgn0034846	1364	483.336477863759	1369
FBgn0034856	794	65.1349587652106	224.75
FBgn0034863	1324	722.008637326166	1472.25
FBgn0034887	1217	259.631729534433	980
FBgn0034882	915	26.4516059767711	197.5
FBgn0034866	1033	240.161851016671	742.5
FBgn0034897	1040	196.316977514334	684
FBgn0034915	1536	679.811173966891	1661.25
FBgn0034923	1338	434.649332824882	1308.25
FBgn0034939	1750	1235.41349348279	2000.75
FBgn0034950	1582	971.476424395389	1825
FBgn0034957	1296	341.70771159985	1171.25
FBgn0034907	1006	47.1578571299175	332.25
FBgn0034970	1533	612.014958911881	1622
FBgn0034974	1907	1659.34616014688	2123.5
FBgn0034975	1142	244.043256163089	867.25
FBgn0034982	1622	819.451628480115	1799.25
FBgn0034998	993	56.8076505080713	346
FBgn0035003	1579	639.916809320504	1673.75
FBgn0035004	1346	291.989010723806	1163.75
FBgn0035005	977	44.8090723234048	292
FBgn0035007	1547	527.614796469438	1585.75
FBgn0034985	1023	181.790880013835	627.75
FBgn0035008	1446	430.311317464413	1415.25
FBgn0035021	1574	687.673217502314	1691.5
FBgn0035022	1803	1162.69725083458	2009.75
FBgn0035047	1841	1231.03540608369	2038.5
FBgn0035076	956	145.171491242024	498
FBgn0035087	551	37.2067395677143	73.5
FBgn0035099	1241	254.806414127297	998.5
FBgn0035124	1439	395.691538412531	1374.25
FBgn0035143	1423	459.892277434262	1413
FBgn0035111	1018	189.803291038835	636.25
FBgn0035161	1441	424.765059987883	1405.75
FBgn0035162	1364	373.382602824895	1273.5
FBgn0035192	1377	580.500166949617	1454
FBgn0035196	907	19.3920315332639	184.5
FBgn0035207	1838	1399.17536349906	2063.25
FBgn0035227	1232	286.300088463649	1024.75
FBgn0035218	907	30.244274708169	200
FBgn0035228	1209	398.727166752725	1120.5
FBgn0035234	937	197.16820375376	574
FBgn0035245	1948	1642.11572016336	2134.75
FBgn0035262	1047	380.91553248193	913.25
FBgn0035263	1755	1019.72227157181	1960.5
FBgn0035265	1529	535.946573018174	1572.5
FBgn0035273	1706	1204.76531650495	1968.75
FBgn0035280	1536	615.349422356025	1630.25
FBgn0035281	1728	1077.71668028595	1957.5
FBgn0035283	1597	1004.5640317149	1847
FBgn0035293	1611	743.151958541075	1755.5
FBgn0035299	1706	914.268089187403	1901.75
FBgn0035321	936	112.704470103237	417.5
FBgn0035308	1730	1138.8700513069	1972
FBgn0035380	1430	418.952707431659	1390.25
FBgn0035372	1262	355.706937406116	1141
FBgn0035335	635	37.7754571609145	93
FBgn0035398	1788	1274.50000701009	2024
FBgn0035409	704	52.5144451466839	159.25
FBgn0035425	1899	1577.84439137415	2112.5
FBgn0035427	1219	249.371162918396	968.5
FBgn0035384	862	16.4013608161109	153.25
FBgn0035430	1878	1418.99300414759	2082
FBgn0035455	1735	1107.836778504	1969
FBgn0035464	1930	1677.48344336076	2132
FBgn0035480	974	216.125389350485	632.5
FBgn0035490	1152	269.191161579985	908.5
FBgn0035495	864	77.7272191585757	293.5
FBgn0035496	998	142.011819703343	533.75
FBgn0035491	1532	538.686502810534	1578
FBgn0035501	1361	399.837490565683	1296
FBgn0035510	1813	1417.37466775633	2054.25
FBgn0035519	1928	1707.71871295728	2134
FBgn0035521	826	92.0115789640803	304.5
FBgn0035523	1296	332.96476298279	1163.25
FBgn0035539	1322	407.445160810434	1269
FBgn0035544	1827	1522.38880725264	2076
FBgn0035545	1906	1571.66863348236	2115
FBgn0035546	1873	1581.63283187573	2101.25
FBgn0035548	1973	1972.71464855948	2162
FBgn0035553	1992	2023.44571432422	2167
FBgn0035568	1127	118.802998046802	634.75
FBgn0035585	1320	496.514321126182	1336
FBgn0035598	1439	382.042754607227	1358.25
FBgn0035657	1128	115.082003755211	631.25
FBgn0035679	1169	222.247089187358	865
FBgn0035709	1401	337.668645249507	1271.25
FBgn0035713	1744	1096.78067638149	1971.25
FBgn0035724	1005	81.1634206459211	417.75
FBgn0035730	1444	580.413364362472	1525.25
FBgn0035776	1274	198.95174064224	961
FBgn0035782	1515	537.882526393175	1565
FBgn0035786	1594	640.304828138695	1688.25
FBgn0035753	558	38.6851027720678	79
FBgn0035800	1498	502.33856220359	1519.75
FBgn0035817	838	66.344525481552	253.25
FBgn0035823	1452	390.069303405321	1382.25
FBgn0035844	1827	1265.85157697726	2041.5
FBgn0035845	1381	475.802131487171	1381.5
FBgn0035867	1127	232.992552833717	838.25
FBgn0035873	1082	170.929251057475	678.25
FBgn0035880	1564	797.612865435585	1740
FBgn0035915	1233	170.803079724963	852
FBgn0035921	583	42.2045055575461	94
FBgn0035924	1109	112.723276627235	600.5
FBgn0035968	1436	639.381413246233	1545.5
FBgn0035969	971	214.549695242992	626.75
FBgn0035952	1165	254.173730849059	907.5
FBgn0035971	1427	356.342713890952	1320.25
FBgn0035988	1312	225.308345312105	1047.25
FBgn0036015	877	130.77403339606	408.25
FBgn0036014	1691	825.031598713831	1853
FBgn0035977	998	171.785219390182	584.25
FBgn0036022	1055	144.465185305904	608
FBgn0036029	1406	381.636328512211	1321.5
FBgn0036038	1594	764.789782506181	1745.75
FBgn0036058	1666	924.843218048589	1873
FBgn0036075	1426	413.550628482502	1379.5
FBgn0036082	899	28.9212510714752	193
FBgn0036101	741	186.106881114181	436.5
FBgn0036043	614	37.2530795897467	85.75
FBgn0036118	717	55.6660463567909	169
FBgn0036125	1167	149.0080788699	741.5
FBgn0036141	1335	359.072607242794	1229.25
FBgn0036156	1500	512.950540124007	1530.25
FBgn0036159	1372	337.757233279971	1244.75
FBgn0036160	1163	137.751506462074	715.75
FBgn0036168	922	106.47889386384	393.75
FBgn0036169	850	89.5360675199538	312.5
FBgn0036162	1019	74.8682508758252	419.25
FBgn0036187	1356	479.009030618048	1353.75
FBgn0036170	850	89.5360675199538	312.5
FBgn0036204	1165	225.47183540524	869
FBgn0036208	1269	377.077649749064	1170.75
FBgn0036214	1513	621.413373054389	1610.25
FBgn0036217	1205	181.736134687414	835
FBgn0036218	1006	81.4038178177166	420.25
FBgn0036222	1462	456.398699999965	1453
FBgn0036285	576	86.2151521637048	204.75
FBgn0036289	670	75.9221396930302	202
FBgn0036246	1065	152.91862246631	633.5
FBgn0036310	1116	120.831029068105	625.75
FBgn0036290	1438	485.690636566011	1448
FBgn0036311	1057	63.9301857278863	439.75
FBgn0036323	1437	515.05946550313	1473.75
FBgn0036325	1677	951.123492108802	1894
FBgn0036329	1113	94.095312645007	570.75
FBgn0036345	884	28.2389569097319	180.5
FBgn0036346	1650	804.616457253465	1811
FBgn0036403	1382	446.186382122016	1359.25
FBgn0036381	688	113.688973631554	289.5
FBgn0036415	1146	118.814471168586	655.5
FBgn0036417	995	170.327198280964	578
FBgn0036426	1671	765.103472019954	1803.5
FBgn0036437	1826	1225.90209391409	2031.25
FBgn0036438	1104	91.0073158343554	548.5
FBgn0036441	1497	482.350688645316	1501.25
FBgn0036443	1838	1274.41291699489	2044.75
FBgn0036446	1558	837.920104856657	1751
FBgn0036465	1012	75.4927356148628	411.25
FBgn0036474	1389	640.740196012354	1499
FBgn0036482	1678	906.838137770536	1875.5
FBgn0036490	1655	791.2712328419	1807.75
FBgn0036497	1687	840.413562048847	1854.75
FBgn0036505	1964	1672.69762304251	2141
FBgn0036551	715	77.0046860057261	219.5
FBgn0036567	1034	168.778346654385	624.25
FBgn0036585	1507	788.430833359177	1685.5
FBgn0036568	1549	716.02062410193	1688.25
FBgn0036589	908	119.55005322351	407.5
FBgn0036590	1887	1611.74532542197	2109.5
FBgn0036597	2009	2050.86927634049	2169.5
FBgn0036599	1891	1724.24532747179	2121
FBgn0036608	1794	1078.93841400603	1989
FBgn0036609	1404	334.42239443813	1273.75
FBgn0036619	769	57.6758020307632	193.25
FBgn0036607	1094	193.659998313177	728.25
FBgn0036620	1181	296.797693852039	976.5
FBgn0036624	1348	360.927254907243	1242.5
FBgn0036449	501	36.4805162849775	64
FBgn0036652	1712	896.846252126058	1897.75
FBgn0036671	1060	278.003678897348	820
FBgn0036687	1115	164.762001568592	704
FBgn0036695	1809	1261.93293223858	2029.25
FBgn0036703	1160	161.136925706762	751.75
FBgn0036714	775	88.0294912019984	267.25
FBgn0036704	770	91.764047304777	275.5
FBgn0036706	1184	165.288257932531	786.5
FBgn0036729	1055	102.104086671471	526
FBgn0036728	932	109.554506718895	411
FBgn0036751	851	199.029460611754	521
FBgn0036757	1393	599.616464387833	1482.75
FBgn0036769	1162	228.794114326113	871.75
FBgn0036773	1943	1739.57255098861	2142
FBgn0036784	1268	224.731435245671	990.75
FBgn0036785	976	35.8545290243459	266
FBgn0036807	1515	605.873983322367	1603
FBgn0036805	1019	177.142392665627	615.75
FBgn0036808	1531	790.269255931091	1705
FBgn0036828	1594	741.736598772338	1736.75
FBgn0036881	1712	1017.05011005176	1936.25
FBgn0036895	1105	88.7568495304054	544
FBgn0036900	1000	192.589168611294	622
FBgn0036919	1077	183.407978465477	690
FBgn0036925	1273	631.837734897815	1369.25
FBgn0036926	532	37.0173120087651	70.25
FBgn0036905	796	6.88765487216822	100.75
FBgn0036931	1227	501.85849356559	1227.25
FBgn0036958	1332	365.583639555218	1233.25
FBgn0036939	635	72.5957084852271	188
FBgn0036941	1317	402.810104256459	1255.25
FBgn0036980	1552	669.250213167552	1669.25
FBgn0036985	1883	1487.84497122724	2091.5
FBgn0036996	793	158.150238648245	409.5
FBgn0037010	1954	1732.71004803746	2146
FBgn0037021	1551	716.324145515984	1690.5
FBgn0037035	1390	606.333973457775	1481
FBgn0037037	1079	108.55189976953	564.25
FBgn0037030	727	82.081888503549	236
FBgn0037040	1089	99.0227985748383	554
FBgn0037059	1428	509.787083999045	1459.25
FBgn0037064	1106	128.420197236174	623.5
FBgn0037106	1363	406.18325259996	1306
FBgn0037135	1196	236.821793979967	923.75
FBgn0037101	969	33.9063580126615	256.5
FBgn0037137	1491	766.369423351432	1658.25
FBgn0037147	1051	60.6564556493938	423.5
FBgn0037169	1329	440.341453830014	1301.25
FBgn0037170	1578	724.194440152894	1712.75
FBgn0037172	1513	554.044786519044	1573.25
FBgn0037191	1173	161.174168725128	767.25
FBgn0037206	1990	1923.40018376142	2164
FBgn0037225	1319	353.658968863521	1208.75
FBgn0037230	1466	666.303911055712	1593.25
FBgn0037248	1284	336.242300583064	1146.5
FBgn0037288	1318	346.451115469013	1198.25
FBgn0037297	1947	1680.54674033445	2137.75
FBgn0037320	1757	1036.40675655602	1964
FBgn0037163	298	18.8223998640303	29
FBgn0037325	1269	307.707719862396	1097.25
FBgn0037371	1408	655.261682271459	1522.5
FBgn0037372	1594	867.472184103102	1796.75
FBgn0037385	1609	693.460123494936	1728.5
FBgn0037388	1062	118.072220327693	562.25
FBgn0037398	1373	477.996742299847	1376.5
FBgn0037415	1060	156.996157999892	634.5
FBgn0037416	1818	1245.83159221489	2030.5
FBgn0037419	1470	530.542490291442	1525.5
FBgn0037455	1497	523.196392475808	1538.25
FBgn0037456	1380	338.626426368776	1251.75
FBgn0037460	832	11.9026152510302	129.75
FBgn0037461	1310	258.069002374123	1089.75
FBgn0037463	925	25.2106469471288	202.5
FBgn0037420	1072	212.800118350595	742
FBgn0037464	990	340.679218463943	806.25
FBgn0037478	1321	412.061604853345	1270.75
FBgn0037483	1425	382.928420135816	1343.75
FBgn0037486	1377	302.692815534355	1210.5
FBgn0037500	832	50.8489997947201	209.75
FBgn0037502	1680	875.98816501491	1867.75
FBgn0037515	1023	175.336810911709	618.25
FBgn0037518	1457	697.8311302051	1600.5
FBgn0037506	955	32.7687888124659	241.25
FBgn0037530	1784	1162.24354149281	2001.5
FBgn0037536	1742	1371.3472319653	2019.5
FBgn0037571	1597	793.983538600286	1769
FBgn0037573	1458	494.291430830537	1480
FBgn0037592	1720	1008.82262198076	1935.25
FBgn0037635	1560	706.001983078456	1690.75
FBgn0037644	1018	137.086305156499	544.75
FBgn0037616	990	61.4034648309196	356.75
FBgn0037653	854	122.048860816988	379.75
FBgn0037664	1277	205.265558602618	975.75
FBgn0037697	1222	272.714913814793	1001
FBgn0037707	1976	1772.84557377886	2153.5
FBgn0037758	1306	497.915331474132	1324.25
FBgn0037796	1280	363.576831216784	1170.25
FBgn0037826	1252	255.672912673613	1014.75
FBgn0037828	1095	82.2309495224481	519.75
FBgn0037834	928	192.684592993461	552.25
FBgn0037835	784	74.3810225631918	241
FBgn0037838	1123	232.310166806732	832.25
FBgn0037829	1214	172.132755471644	833.75
FBgn0037860	1182	133.108030267989	724.25
FBgn0037855	1220	295.38920434783	1026.25
FBgn0037877	1063	244.89250592749	783.75
FBgn0037890	1212	302.985643756808	1022.5
FBgn0037896	1425	453.727045577327	1409.25
FBgn0037912	1114	206.00989664643	777
FBgn0037862	1261	194.245656900724	931.25
FBgn0037913	1016	174.538007394195	606.25
FBgn0037924	779	103.386987491762	306
FBgn0037915	1570	673.824232452145	1684
FBgn0037926	1082	220.246349289135	763.75
FBgn0037933	1443	786.01759597945	1625.75
FBgn0037944	1614	739.365286377557	1755.5
FBgn0037939	988	44.3082447160145	304
FBgn0037986	1151	167.634945721758	751.5
FBgn0037987	1033	57.6479968495721	396
FBgn0037994	1297	245.728647783932	1063.5
FBgn0038000	1417	502.479693849152	1441
FBgn0037970	920	167.792038934577	503
FBgn0037972	1446	505.285948891983	1476.75
FBgn0038008	1337	369.875416069784	1243.25
FBgn0038016	1074	226.79545151904	767
FBgn0038018	1318	297.110276157081	1145.75
FBgn0038039	1018	324.749746228822	817.75
FBgn0038049	1655	914.927899387071	1862.25
FBgn0038078	1691	1150.92555013978	1950
FBgn0038095	1124	234.772877407515	838.75
FBgn0038097	1229	192.62201936608	887
FBgn0038108	1021	206.348757979864	673.5
FBgn0038123	1855	1509.64971108821	2083.5
FBgn0038126	1710	1040.40332775284	1938.75
FBgn0038127	1286	230.172942447644	1022.75
FBgn0038129	1265	287.085526709566	1067.5
FBgn0038130	1632	875.372317739479	1831
FBgn0038145	1045	181.354027313157	654
FBgn0038149	1093	196.111924196374	735
FBgn0038163	1137	107.682572886533	628.75
FBgn0038180	1242	437.125624025491	1198.25
FBgn0038168	1157	327.734257626799	983.25
FBgn0038179	1080	194.261395004554	719
FBgn0038200	1432	353.468220232141	1323
FBgn0038208	1001	43.2078345172127	318.25
FBgn0038209	1434	401.386287127859	1374.25
FBgn0038210	1024	64.8758732842387	405.5
FBgn0038213	1626	925.47903146328	1847.75
FBgn0038218	1218	264.447460096555	988.5
FBgn0038225	1416	363.650173569744	1314.25
FBgn0038248	944	38.8702311824211	248.25
FBgn0038258	1207	344.187085876008	1059.5
FBgn0038266	1596	674.003574882714	1709.25
FBgn0038280	1190	156.65318312561	779.75
FBgn0038201	735	95.4483511644084	272.75
FBgn0038316	1972	1860.30055290215	2158.5
FBgn0038320	1024	198.406555429455	666
FBgn0038321	1431	583.977111938429	1511.5
FBgn0038337	1040	217.669780263554	715
FBgn0038345	1379	416.086403391918	1333.5
FBgn0038355	1284	232.190901316523	1023.5
FBgn0038359	1011	60.3669856808631	373.5
FBgn0038361	1641	1010.62873604883	1880.25
FBgn0038373	1238	293.550214727049	1038.25
FBgn0038343	1009	188.718162235679	626.5
FBgn0038381	1245	328.142959233934	1088.75
FBgn0038385	1633	924.399334821442	1851
FBgn0038398	1470	499.485395817105	1497.5
FBgn0038405	1300	357.392851811772	1193
FBgn0038377	1198	219.709968814136	896.25
FBgn0038412	1267	422.994693452894	1215.5
FBgn0038418	857	155.387661178636	445.5
FBgn0038423	1216	199.556343354294	890.75
FBgn0038432	1285	348.891114047433	1161.75
FBgn0038445	1342	342.624992823411	1216.75
FBgn0038448	1522	594.8646702724	1602.5
FBgn0038458	1768	1255.27210868016	2012.5
FBgn0038460	1131	187.937549904435	764.5
FBgn0038486	1110	120.316937587782	615
FBgn0038491	1590	859.57762099543	1789.25
FBgn0038511	1676	1078.11380747877	1919.75
FBgn0038525	1563	689.060154072508	1684.75
FBgn0038539	1183	141.737472651086	743.75
FBgn0038466	399	48.2633037504085	91.5
FBgn0038558	1290	475.606782214081	1285.5
FBgn0038565	1295	351.1307064506	1181
FBgn0038541	950	101.376866731259	405.5
FBgn0038567	1881	1416.59812175386	2081.5
FBgn0038578	1294	430.601022823935	1259.5
FBgn0038589	623	38.7197284870637	91
FBgn0038595	740	117.942384735005	313.75
FBgn0038598	1440	429.579401438669	1408.25
FBgn0038607	1611	697.544209720781	1734
FBgn0038617	1390	705.649152247276	1530.5
FBgn0038629	1245	563.385992164625	1295.25
FBgn0038630	1173	128.4171024165	704.75
FBgn0038632	1721	965.977253810003	1929.25
FBgn0038638	1258	412.076716557475	1195
FBgn0038590	597	32.9668662716336	73.75
FBgn0038655	1366	292.996037977409	1189.5
FBgn0038682	1130	315.678705589183	941
FBgn0038690	1089	234.304024697213	793
FBgn0038694	1258	208.275144025212	954.5
FBgn0038697	962	33.1358591681483	251
FBgn0038706	795	8.15025362574387	102.5
FBgn0038708	1060	71.7333885664887	466.5
FBgn0038720	1753	1059.64996889692	1965.5
FBgn0038722	1117	214.992869624725	794
FBgn0038733	1084	251.565950012633	812
FBgn0038760	1720	1028.52165539327	1940.75
FBgn0038709	958	36.5453657059671	252.25
FBgn0038768	1475	567.534839902176	1555.25
FBgn0038818	789	85.9954240265462	270.5
FBgn0038819	1102	236.773835528752	807.5
FBgn0038820	1377	396.683111571278	1309.5
FBgn0038829	1206	273.97386218407	980
FBgn0038797	989	45.5285603693692	309.5
FBgn0038832	1136	203.084836632052	801.25
FBgn0038846	850	160.261260833433	447.75
FBgn0038892	1311	306.663038996508	1148.5
FBgn0038915	1687	895.575999579769	1877.75
FBgn0038921	1206	230.763827701868	924
FBgn0038934	1366	332.639911102025	1233
FBgn0038944	890	24.8448733650558	182
FBgn0038952	1403	532.445286095713	1451.25
FBgn0038950	1468	782.794275669002	1653.5
FBgn0038958	1488	603.604182132118	1577
FBgn0038964	1414	467.888396415752	1405.25
FBgn0038965	1856	1489.20242769622	2082.25
FBgn0038966	1948	1775.74644526288	2145.75
FBgn0038978	1051	185.853768229761	667
FBgn0038968	841	131.468432788128	388.75
FBgn0038979	941	29.7909888452841	225
FBgn0038983	1343	399.382456253713	1278.25
FBgn0039013	1330	560.361337529526	1394.5
FBgn0039010	1306	285.256282497924	1118.25
FBgn0039027	1472	588.679140907937	1565
FBgn0039070	1417	397.159182558498	1350.5
FBgn0039071	870	13.4434648108122	153
FBgn0039083	1620	754.984515242438	1765.25
FBgn0039088	918	22.0989534865678	192
FBgn0039085	374	45.2061627099046	83.25
FBgn0039099	706	78.8524395963203	220
FBgn0039109	1196	486.079098222878	1177.75
FBgn0039104	982	42.3068436330252	293.25
FBgn0039084	612	50.2092987703605	122
FBgn0039147	1568	846.470000430793	1762.5
FBgn0039151	1392	400.060024423829	1328.75
FBgn0039155	1246	270.068134173331	1022.5
FBgn0039131	508	26.7572715045725	47
FBgn0039145	887	127.955241857909	409.75
FBgn0039161	808	81.3140025765879	268.5
FBgn0039169	1545	815.066105216546	1731.5
FBgn0039183	1452	480.090449880511	1459.75
FBgn0039215	1493	555.338307422823	1555.25
FBgn0039227	962	159.164658983033	524
FBgn0039192	985	60.6949582234074	347.5
FBgn0039217	595	64.3599353230372	156.5
FBgn0039234	1188	261.417538566312	946.25
FBgn0039235	1265	452.89292045074	1234.5
FBgn0039241	569	39.1239937486641	82.5
FBgn0039244	1772	1191.97870209064	2001
FBgn0039272	1118	207.386692722946	787.75
FBgn0039273	1359	544.149596368545	1411
FBgn0039246	1010	75.7824829601593	410.25
FBgn0039274	1162	323.468939248053	984.75
FBgn0039293	1732	1108.57435194508	1967.25
FBgn0039297	1872	1788.80937323011	2118
FBgn0039302	1321	333.407415255709	1189.25
FBgn0039306	1806	1302.16521716607	2032.25
FBgn0039308	1393	450.920597571796	1374.5
FBgn0039309	1393	450.920597571796	1374.5
FBgn0039311	904	149.665289924468	465.5
FBgn0039331	1383	404.957448648543	1326
FBgn0039343	1249	186.428786044708	899.25
FBgn0039366	950	29.728510917685	229.25
FBgn0039321	1454	730.842724984143	1611.75
FBgn0039367	950	29.728510917685	229.25
FBgn0039369	1454	456.404608106056	1445.25
FBgn0039370	1667	800.600106084721	1821.5
FBgn0039371	1552	564.997921619589	1614.25
FBgn0039373	798	7.06901812506423	103.5
FBgn0039374	1027	61.187517524523	400.25
FBgn0039395	1166	142.854793570914	727.5
FBgn0039398	1018	57.1461829411313	372.25
FBgn0039425	1156	129.527706932089	686.25
FBgn0039435	1871	1389.31152548561	2076
FBgn0039451	1673	904.424904478989	1867.5
FBgn0003089	1741	1085.3840363246	1967.25
FBgn0003149	926	184.765189578541	534.25
FBgn0003132	1276	285.508077792722	1081.25
FBgn0003162	1676	952.46468100559	1893.25
FBgn0003257	787	94.9909387519659	290
FBgn0003187	1595	664.942515260552	1701.5
FBgn0003279	766	78.2357623347236	240
FBgn0003278	1030	197.399628275835	673.25
FBgn0003295	1675	935.598050126484	1884.75
FBgn0003328	1639	879.632948281106	1837.25
FBgn0003330	1774	1109.60558670444	1987
FBgn0003334	1301	398.737418676762	1236.5
FBgn0003366	1027	136.785956293356	560
FBgn0003447	1468	596.45177039285	1562
FBgn0003464	1829	1306.7997370202	2046.5
FBgn0003502	1185	387.375248107968	1078.25
FBgn0003517	827	91.523507465027	304.25
FBgn0003520	1544	718.895645019884	1683.75
FBgn0003545	1582	767.417945841424	1739
FBgn0003559	1810	1338.53582442486	2039.5
FBgn0003575	769	76.9667265681851	239.75
FBgn0003598	1216	243.334190655653	953.75
FBgn0003676	1284	440.348412537095	1250.5
FBgn0003716	1666	853.501527623784	1842.5
FBgn0003721	887	121.519650247698	398.5
FBgn0003861	1079	504.54169741754	1059.25
FBgn0003882	1696	1217.25320584744	1967.5
FBgn0003886	1346	499.721346537539	1362.25
FBgn0003748	865	114.757341078803	373.5
FBgn0003889	1365	304.625920820189	1201.75
FBgn0003891	1240	271.110529176144	1015
FBgn0003950	1302	405.781715251778	1246
FBgn0003887	663	135.429726280609	322.75
FBgn0003997	1852	1419.12062139201	2072.5
FBgn0004050	1679	1140.60634013686	1937.75
FBgn0004052	1731	1073.63132293744	1956
FBgn0004171	1022	50.0963975102393	360.5
FBgn0004172	1265	255.879368554694	1030.5
FBgn0004173	1241	219.393192271349	946
FBgn0004174	1052	91.7534117993121	497.75
FBgn0004169	1227	313.843166155771	1051.75
FBgn0004179	682	49.0447326794219	137.75
FBgn0004368	1423	610.552338551994	1517.5
FBgn0004419	1473	509.534582066163	1512.25
FBgn0004556	1577	725.559548823423	1712.25
FBgn0004516	637	27.2120909582662	72.25
FBgn0004577	1710	1023.19779069089	1936.25
FBgn0004587	1666	927.532986173637	1874
FBgn0004598	1232	289.049324177674	1027.75
FBgn0004611	1748	1179.26276641789	1989.5
FBgn0004580	694	59.9316038612645	170.5
FBgn0004618	1283	442.402404313115	1250.5
FBgn0004620	1154	254.681889353836	894.75
FBgn0004636	957	196.534036647222	587.75
FBgn0004175	978	41.1430332340617	284
FBgn0004643	1296	362.982637726864	1194.25
FBgn0004657	1407	579.856407595915	1483
FBgn0004644	572	48.9114922774606	109.5
FBgn0004698	1029	138.048702993542	565
FBgn0004777	1216	373.907758190693	1104.75
FBgn0004780	2049	2239.89677980506	2173.5
FBgn0004782	1847	1317.69272456471	2053.75
FBgn0004783	2020	2026.02279435661	2170
FBgn0004854	1752	1122.63887909977	1982
FBgn0004860	1239	371.234345682203	1126
FBgn0004861	818	107.467901681197	333
FBgn0005355	1515	752.223080622127	1672.5
FBgn0005612	1369	415.716489367202	1325.5
FBgn0005616	1534	598.229864549607	1617
FBgn0005664	1891	1517.22139590173	2100.75
FBgn0005674	1036	152.019034254508	599
FBgn0005771	639	71.7063203677377	187.5
FBgn0039480	1865	1417.27522143111	2075.5
FBgn0039481	1630	778.702586674824	1785.5
FBgn0039491	1365	302.227450097011	1196.75
FBgn0039492	1356	546.518098649244	1407.75
FBgn0039498	1542	663.321990082446	1654.25
FBgn0039501	1204	155.904627396379	793
FBgn0039503	1040	231.95461505753	740
FBgn0039518	1505	479.17906769428	1505.75
FBgn0039544	1504	611.24198529757	1596.75
FBgn0039558	1676	990.058050346815	1900.25
FBgn0039576	1545	550.410424440002	1597.5
FBgn0039577	1299	252.456142544717	1072
FBgn0039600	1597	834.617039101675	1787.5
FBgn0039609	1605	752.660921376006	1752.25
FBgn0039613	1340	461.471098316667	1329
FBgn0039622	1293	345.765121456517	1172
FBgn0039628	1409	549.01401209683	1465.75
FBgn0039630	1443	561.922662308521	1512.75
FBgn0039632	1332	684.354729663004	1463.75
FBgn0039636	1780	1244.08950249209	2014
FBgn0039637	1732	1010.39514933219	1944.25
FBgn0039638	1474	673.432750045461	1609.75
FBgn0039669	1744	1194.93299431856	1990.75
FBgn0039686	1653	859.427298661687	1838.75
FBgn0039656	629	53.0001911332365	135
FBgn0039694	1661	799.455938385478	1816.25
FBgn0039703	1203	275.504869561101	976.25
FBgn0039707	1405	330.750049341813	1269.75
FBgn0039709	1809	1248.75206865465	2026.25
FBgn0039714	1638	1036.50474894657	1882.5
FBgn0039722	1380	733.576754318392	1532.25
FBgn0039728	1815	1314.17552666827	2040.75
FBgn0039737	593	51.565875101288	123.5
FBgn0039748	1114	218.965992585407	794.5
FBgn0039752	1366	454.179596887208	1352
FBgn0039758	891	184.362267673722	513.5
FBgn0039749	854	93.7229706889901	327.25
FBgn0039759	1168	309.278924289161	977
FBgn0039788	1584	797.03461289862	1755.5
FBgn0039792	1082	92.7094056451133	535.25
FBgn0039796	1107	87.2085764306278	544.5
FBgn0039767	1198	245.364495177	934.75
FBgn0039797	1157	115.231750159483	664.25
FBgn0039809	645	48.8112697105648	127
FBgn0039805	1842	1314.01634502495	2051.5
FBgn0039856	436	26.1992987652106	41.75
FBgn0039858	1292	349.904272013076	1174.5
FBgn0039914	1625	1075.01843709903	1882.5
FBgn0039955	1682	900.654832964022	1877.25
FBgn0040074	778	56.1502636061935	193
FBgn0039972	1055	200.968505961283	707
FBgn0040271	1268	414.694147034313	1211.25
FBgn0040323	1690	983.509728432183	1912.5
FBgn0040343	1474	520.330377323711	1524.75
FBgn0040038	1115	99.461194297027	585.5
FBgn0040252	739	213.994400476177	487
FBgn0040351	1444	517.182313642409	1484.25
FBgn0040356	1662	867.750288936262	1848.5
FBgn0040368	1736	945.38028960004	1933.75
FBgn0040382	1905	1557.96605153792	2113.5
FBgn0040496	1585	845.442333519503	1776.5
FBgn0040371	841	12.4790020337535	134.75
FBgn0040508	1541	577.587493467379	1609.5
FBgn0040534	576	36.5134008871164	75.75
FBgn0040502	1312	473.991045570585	1310.75
FBgn0040519	1072	70.0098857524236	474
FBgn0040575	750	59.5704542282335	188
FBgn0040601	874	244.47175203355	601
FBgn0040608	1014	158.549556372475	577
FBgn0040629	965	134.01585154431	481
FBgn0040637	1778	1139.36263604235	1995
FBgn0040679	1256	247.410474570457	1010.75
FBgn0040688	1514	650.777382355198	1623.5
FBgn0040699	1662	929.853979225744	1873
FBgn0040773	851	84.0878930704638	300.5
FBgn0040747	1052	160.700178288932	628.75
FBgn0040793	814	76.7603257170984	262.25
FBgn0040794	1793	1248.99145456177	2021.75
FBgn0040812	1569	612.339817403942	1653.5
FBgn0040816	1078	148.412094691722	637
FBgn0040817	1675	862.121696878753	1856.25
FBgn0040843	1561	655.404222241731	1666.75
FBgn0040859	1215	194.447305143346	875.5
FBgn0040877	941	118.657343114202	429
FBgn0040923	971	139.526928539402	497.75
FBgn0040904	1249	239.322700021591	990.75
FBgn0040931	542	22.8020302409591	45
FBgn0040942	1040	348.355686563083	877.5
FBgn0040963	982	38.2665186891745	281.75
FBgn0040992	1141	188.292431410319	777
FBgn0040996	1510	502.373862738147	1529.5
FBgn0041094	1909	1558.45844482418	2117
FBgn0040972	382	22.301410846755	34
FBgn0041184	678	122.890400861445	301
FBgn0041181	1448	691.349264602581	1585.25
FBgn0041205	1590	934.64475556411	1818.25
FBgn0041627	1299	357.943184047695	1193
FBgn0041712	1270	316.017349965216	1108.5
FBgn0041188	730	98.0768578536185	275
FBgn0042085	1498	547.949341843972	1554.75
FBgn0042094	1835	1513.62633760857	2075.5
FBgn0042125	1292	342.969512118301	1166
FBgn0042127	961	144.444001085457	501.5
FBgn0042179	1755	1089.15904897659	1975.5
FBgn0042189	846	15.5939435450996	142
FBgn0042182	1265	319.344345054351	1103.75
FBgn0042198	1402	387.99581391192	1324.75
FBgn0042201	1707	941.176514739768	1914.75
FBgn0042205	1593	895.132001180125	1803
FBgn0042641	1026	185.449593453398	638.5
FBgn0042710	923	23.9941764110652	198
FBgn0043012	964	129.793263635045	470.25
FBgn0043025	1096	162.315929126903	677.25
FBgn0043069	1891	1604.45768205943	2111.75
FBgn0043364	575	56.7132312522453	131.5
FBgn0043796	1526	809.95526114741	1711
FBgn0043900	1699	963.790818583711	1917
FBgn0044826	1242	502.427293260921	1248.25
FBgn0045035	1457	532.567806584025	1512
FBgn0045063	1604	735.965714874662	1745
FBgn0046222	1020	218.071383144964	686.75
FBgn0046253	1410	609.166400549576	1502.25
FBgn0045827	1083	84.2631673802461	515.25
FBgn0046294	964	40.1675206176198	268.25
FBgn0046297	911	30.547995018753	205.5
FBgn0046258	1106	209.962952823058	771
FBgn0046332	1242	173.566607088475	871.75
FBgn0046697	1280	491.636707089185	1285.75
FBgn0046793	1467	413.064767367038	1425.75
FBgn0046696	667	52.7939426270073	146.75
FBgn0046873	1489	551.8178383758	1548.25
FBgn0046874	1112	188.063005658717	739.25
FBgn0046875	1768	1077.57266411667	1976
FBgn0047338	980	52.4473127601489	320.75
FBgn0046999	1059	237.822412847712	768.25
FBgn0047351	1151	114.146133344193	654
FBgn0047095	1494	700.087675768621	1631.75
FBgn0050039	1185	155.845369316247	772.25
FBgn0050045	1282	388.011032148907	1198
FBgn0050033	824	132.999260873697	380.75
FBgn0050050	1496	698.396222874827	1632
FBgn0050062	1208	514.408113965492	1217.75
FBgn0050069	1444	679.769895552808	1577.75
FBgn0050093	1111	224.815620876654	802.25
FBgn0050094	1470	585.998084800818	1560
FBgn0050098	1256	416.523895907448	1198.25
FBgn0050110	1383	443.342743689496	1359
FBgn0050118	1652	884.389645533699	1847
FBgn0050154	1410	493.946819044282	1424.25
FBgn0050177	1529	585.292185278245	1600.5
FBgn0050192	1365	287.444806491469	1180.75
FBgn0050222	1019	95.5558007580909	468.75
FBgn0050268	1219	249.887762021202	969
FBgn0050275	1167	134.797251966527	714.5
FBgn0050278	799	6.91814088832135	104.25
FBgn0050274	799	66.0110001543313	232.25
FBgn0050295	1217	282.910480638284	1007
FBgn0050334	1148	374.091120425639	1022.25
FBgn0050338	672	64.6798664793431	178.25
FBgn0050293	1032	66.9699559065054	420.5
FBgn0050350	1304	223.304138768658	1034.5
FBgn0050362	1137	165.910257702641	734.25
FBgn0050363	1245	192.999684554366	908.5
FBgn0050364	1253	210.89745395744	951.75
FBgn0050365	1253	210.89745395744	951.75
FBgn0050366	1245	192.999684554366	908.5
FBgn0050369	1396	398.882801643643	1332.75
FBgn0050376	1038	61.4050810748133	416
FBgn0050378	1026	54.7730130856852	382
FBgn0050349	1277	314.240212608466	1116.75
FBgn0050384	1184	191.672357161733	831.5
FBgn0050412	879	14.8469337924742	160.75
FBgn0050429	982	47.425860364636	304.75
FBgn0050343	955	155.357323360217	509.25
FBgn0050394	1653	898.748923662439	1852.75
FBgn0050414	957	101.40468579578	413.75
FBgn0050438	1335	344.247430675676	1212.75
FBgn0050461	1176	226.258473494022	881.25
FBgn0050430	1002	59.6603412063499	362.75
FBgn0050487	1274	228.740066232047	1008.5
FBgn0051007	760	5.70290806651405	81.5
FBgn0051008	1013	48.6438256331308	340.75
FBgn0051010	1360	310.138028604589	1199.75
FBgn0050443	1025	213.641385738087	689.75
FBgn0050462	1176	226.258473494022	881.25
FBgn0051013	1442	553.265578835728	1507.5
FBgn0051028	1546	720.230001167731	1687
FBgn0051029	1021	60.4008822785252	386.5
FBgn0051040	1516	584.082181024796	1592.75
FBgn0051055	1949	1728.91335413026	2143
FBgn0051088	1942	1608.05175509636	2130
FBgn0051099	1317	321.082130254546	1168.75
FBgn0051121	1624	759.583014968559	1768
FBgn0051139	1190	427.568798309094	1125.75
FBgn0051141	1104	90.7695216981946	548
FBgn0051204	1254	468.89183984605	1234
FBgn0051206	1047	69.6587587637861	444.75
FBgn0051213	781	83.9782090307877	259.75
FBgn0051226	1114	103.068894386076	590.5
FBgn0051217	667	50.1012667484709	136.75
FBgn0051245	873	14.2559994447771	156
FBgn0051274	1715	1131.18324859542	1961.5
FBgn0051176	920	188.66389357243	539.5
FBgn0051281	1357	347.030984310208	1235.25
FBgn0051292	827	130.636802488196	379.25
FBgn0051294	1564	804.091281630156	1743
FBgn0051300	1688	897.370455982138	1879.75
FBgn0051327	1121	110.852972892133	617.5
FBgn0051344	1824	1454.20741524661	2062.75
FBgn0051345	1218	302.466783036026	1030.5
FBgn0051358	1380	380.699775756161	1293.25
FBgn0051363	1674	927.713148159097	1880.25
FBgn0051368	1349	476.953812352833	1348.5
FBgn0051390	1979	1875.82806933409	2162
FBgn0051391	1288	238.524785033326	1038.5
FBgn0051407	1867	1551.06200091741	2094.5
FBgn0051459	837	10.5736465390295	130.5
FBgn0051475	1103	182.948095956192	713.5
FBgn0051482	1095	98.1827998742007	557.25
FBgn0051501	1207	350.613790509931	1067.5
FBgn0051533	1154	135.97420424747	699.75
FBgn0051538	1190	234.47131266708	913.25
FBgn0051542	995	42.2234805003862	308.75
FBgn0051546	1053	183.771226026273	665.5
FBgn0051624	1162	146.109830554814	731.75
FBgn0051639	1049	88.4926035240768	486
FBgn0051644	1165	127.772730797907	695.5
FBgn0051547	1310	360.559699855448	1205.75
FBgn0051679	1167	131.08593514202	704.5
FBgn0051682	1628	773.43766709276	1781.75
FBgn0051693	1142	106.238372960207	631.75
FBgn0051700	1567	674.650240736103	1681.5
FBgn0051702	1368	360.431946764446	1265.25
FBgn0051730	1471	431.890149270066	1449.75
FBgn0051773	1241	180.040617529623	876.5
FBgn0051784	1059	72.7633217559148	466.25
FBgn0051787	1701	918.842895265147	1903
FBgn0051788	1394	353.50530328434	1284
FBgn0051802	1059	129.61885613853	578.75
FBgn0051804	1322	244.443123426053	1084.5
FBgn0051806	1137	346.515368424902	982.25
FBgn0051816	1040	171.020897053615	635.5
FBgn0051820	931	33.1143262525087	225
FBgn0051851	1873	1463.30777576918	2086.25
FBgn0051858	1543	606.933011082784	1628
FBgn0051861	974	173.302960937909	559
FBgn0051870	872	13.3197341226555	154.5
FBgn0051874	1263	187.596492313158	918.25
FBgn0051882	1517	518.140392661906	1553
FBgn0051907	1725	1059.82988753161	1950.25
FBgn0051909	1466	587.111140447794	1553.75
FBgn0051910	1200	175.747622446523	821.25
FBgn0051913	897	88.3264478869647	338.75
FBgn0051921	1172	141.098043778183	729.75
FBgn0051948	1145	139.403672228591	696.5
FBgn0051949	1649	710.313464721931	1763.5
FBgn0051779	633	62.9892228614719	161.25
FBgn0051954	1847	1362.93138959609	2061.75
FBgn0051953	642	70.492237993565	186.75
FBgn0051955	523	49.9401358138001	105.5
FBgn0051988	929	24.0528014877736	204.75
FBgn0052026	1039	60.2465114339691	411.25
FBgn0052061	1194	147.662264569811	771.75
FBgn0052011	1003	158.765017847321	568.25
FBgn0051973	932	123.228099779568	434
FBgn0052069	684	54.5010144825536	155.5
FBgn0052075	1092	195.739165166102	732.5
FBgn0052064	885	24.648889299379	175.75
FBgn0052076	1875	1456.5160263074	2085.75
FBgn0052081	1142	111.048416496726	641.25
FBgn0052086	1253	254.524908401264	1014
FBgn0052087	1577	958.814117111745	1814.75
FBgn0052095	1539	710.369195822029	1676.75
FBgn0052106	1273	210.936786989004	978.25
FBgn0052117	930	36.8673438009902	230.25
FBgn0052119	1293	224.102728938661	1024.5
FBgn0052107	1129	203.369497550039	795
FBgn0052141	1157	133.641805934697	698.75
FBgn0052160	1508	721.45508247505	1653
FBgn0051781	137	3.89133959865841	5
FBgn0052174	1015	178.72330406208	611.25
FBgn0052161	729	27.3244846574558	102.5
FBgn0052181	1124	96.196079679987	592.75
FBgn0052179	1033	204.390873003827	688.5
FBgn0052192	1356	276.300246786419	1152.75
FBgn0052195	1225	320.095656113785	1056.5
FBgn0052238	1620	760.62952686264	1766.25
FBgn0052230	861	101.912881160554	349
FBgn0052278	934	109.688043689295	413
FBgn0052240	1240	200.281816499218	916.5
FBgn0052281	1658	856.001003877894	1839.5
FBgn0052298	1104	136.323084815513	637.75
FBgn0052299	1104	136.323084815513	637.75
FBgn0052351	1306	223.703751281186	1038.25
FBgn0052371	1131	119.317313717273	640.5
FBgn0052396	1140	143.311523197101	698.75
FBgn0052428	1783	1214.9109332395	2009
FBgn0052436	1067	66.6598221669541	461
FBgn0052437	1285	226.977433498555	1017.25
FBgn0052440	1810	1345.57652725505	2041
FBgn0052445	971	40.733290836179	275.75
FBgn0052450	924	28.6956567409881	206.75
FBgn0052459	1021	65.2371275934052	401.5
FBgn0052487	1621	734.301818333305	1757
FBgn0052488	1508	473.41799296608	1503
FBgn0052495	1454	505.001963912178	1485.75
FBgn0052499	1700	1264.78128605416	1978.75
FBgn0052523	735	92.7342070601887	266.25
FBgn0052548	1031	57.2887818177261	393
FBgn0052551	966	152.165311785046	517.25
FBgn0052537	1599	816.039155591751	1781.5
FBgn0052553	878	263.645877556493	630
FBgn0052576	732	58.4093651214646	181
FBgn0052580	869	120.395106070212	384.25
FBgn0052591	1509	477.770314249434	1508
FBgn0052602	1059	233.140457969495	762.75
FBgn0052638	1848	1352.06052603141	2059
FBgn0052643	1543	787.996198793394	1716.5
FBgn0052647	1226	317.101712531495	1055
FBgn0052651	1497	489.643702262862	1507.25
FBgn0052652	1008	48.7179906478481	337
FBgn0052655	1139	108.429525238267	632
FBgn0052657	1092	124.420277606877	601.5
FBgn0052660	1503	526.020980316635	1543.25
FBgn0052690	1489	466.589290714192	1479.75
FBgn0052703	1457	452.076659612227	1445
FBgn0052669	663	48.6561454234092	128.25
FBgn0052699	578	64.5676013599576	155
FBgn0052719	980	89.0597242204446	406.75
FBgn0052726	761	82.7441037038656	249
FBgn0052832	1280	227.798835242894	1012.75
FBgn0052814	761	62.3603895863069	204
FBgn0052971	1808	1279.68223635786	2031
FBgn0052988	2039	2123.20025647009	2171.5
FBgn0053082	1363	388.192862615254	1286
FBgn0053100	835	84.2375354834804	290.5
FBgn0053110	547	31.8649854204979	62.5
FBgn0053116	1287	340.376166602102	1154.25
FBgn0053017	812	9.86839355536068	115.5
FBgn0053125	1164	184.270569785662	793.75
FBgn0053123	982	117.110116998695	464.25
FBgn0053126	1058	249.985757514442	781.25
FBgn0053136	1090	95.2974750817315	546.75
FBgn0053140	1778	1013.91355000202	1966.5
FBgn0053143	1688	1188.48072081506	1952.25
FBgn0053170	803	84.6395162632624	277
FBgn0053182	1384	441.855892112818	1359.25
FBgn0053191	1418	460.235551300231	1408.5
FBgn0053203	1471	895.332702358608	1707.75
FBgn0053218	1517	795.174306032773	1700.5
FBgn0053229	634	76.727137084745	192.25
FBgn0053284	1182	149.318255755692	757.25
FBgn0053286	1651	844.07634456944	1827.5
FBgn0053285	771	172.456185150555	426.5
FBgn0053287	1549	599.509690051976	1632.25
FBgn0053293	1673	786.622533816756	1817
FBgn0053309	840	154.750033075606	430.75
FBgn0053319	1669	1062.22697334097	1908.75
FBgn0053322	1493	497.468785284512	1508.25
FBgn0053489	1211	195.920750300729	875
FBgn0053490	1659	861.989187452643	1844.25
FBgn0053527	1429	468.499157083162	1424
FBgn0053530	958	167.434228692749	533.75
FBgn0053548	1669	944.64334949965	1883.25
FBgn0053664	1286	256.480670372722	1058.75
FBgn0053665	1250	226.266349125347	972.25
FBgn0053667	1305	285.284679141126	1117
FBgn0053668	1122	136.774421334168	666.25
FBgn0053669	1412	383.621005675926	1330
FBgn0053704	798	8.23573286359583	105
FBgn0053987	1575	999.29403982651	1821
FBgn0054012	925	48.7547376346559	256.5
FBgn0054021	1364	446.440382847809	1342
FBgn0053964	960	143.250774311073	495.25
FBgn0058002	796	69.6480488492876	238.75
FBgn0058198	1147	289.397804905805	928.5
FBgn0058354	1342	427.007295174442	1304.25
FBgn0054049	1345	333.057684843737	1210
FBgn0060296	1519	588.356527221968	1599
FBgn0061197	1348	273.037898961408	1145.5
FBgn0062978	713	51.8691857203631	158.5
FBgn0063498	862	72.9535404447192	286.25
FBgn0063261	1301	260.416303677121	1087
FBgn0063649	633	43.0343158613421	105.25
FBgn0063497	374	24.2516490327372	36.25
FBgn0064227	992	250.637706693158	705.75
FBgn0064119	1186	133.435296667809	732.5
FBgn0064126	1265	319.344345054351	1103.75
FBgn0065035	1540	693.020815107108	1667.5
FBgn0065059	1263	302.384100252561	1082.25
FBgn0065066	323	5.05420711673591	9.5
FBgn0064766	892	188.138276637364	523
FBgn0065097	1117	231.783723759881	821.5
FBgn0066303	988	261.359398648971	715.75
FBgn0066304	988	261.359398648971	715.75
FBgn0067102	198	6.81101141215253	9.5
FBgn0067779	788	108.535573060404	317.75
FBgn0064912	1175	143.667623737137	740.25
FBgn0069242	1096	298.237294932061	878.25
FBgn0069913	1315	330.551423171389	1177.75
FBgn0069973	1388	404.705423010834	1330.5
FBgn0082582	1469	544.96233979785	1533.75
FBgn0082831	1693	954.631698560903	1909.25
FBgn0083167	810	72.512411135192	252.25
FBgn0083943	983	52.2046371252244	324.25
FBgn0083970	1965	1798.7409525585	2152
FBgn0085190	1662	821.397556684571	1826
FBgn0085196	1508	767.072388846571	1674.5
FBgn0083991	1288	307.09607104213	1120.5
FBgn0085199	1049	176.965423790941	652
FBgn0083055	127	1.28178152670023	3.5
FBgn0085201	888	120.781391651055	399.25
FBgn0085204	1550	653.83019177932	1659
FBgn0085211	1520	855.986701476578	1729.5
FBgn0085229	609	45.3681633701433	106.5
FBgn0085233	1089	84.9556786175988	522.5
FBgn0085236	812	71.1116341168938	251
FBgn0085239	1179	150.599091312588	755.75
FBgn0085291	1289	531.845133955022	1330.75
FBgn0085303	1293	280.331662334792	1099
FBgn0085279	723	54.3846178328374	169.5
FBgn0085308	1217	296.28456477521	1023.5
FBgn0085310	1086	172.892637897603	686.25
FBgn0085306	995	42.2234805003862	308.75
FBgn0085315	827	161.219688720312	437.75
FBgn0085321	1151	161.821699736933	742
FBgn0085339	1531	782.352628541189	1700
FBgn0085356	1931	1746.90282270421	2139
FBgn0085376	929	150.150587405581	482.75
FBgn0085419	1060	210.60469916907	728
FBgn0085437	1425	453.841567075026	1409.75
FBgn0085454	1356	411.473832311148	1299.75
FBgn0085464	1560	879.131223019435	1771.75
FBgn0085468	753	61.1487658778701	196
FBgn0085478	1694	909.910338202062	1892.25
FBgn0085485	660	37.3146026633597	99
FBgn0085599	1533	669.029078663303	1648.5
FBgn0085732	1512	575.380802806892	1581.25
FBgn0085736	834	90.571255014855	306
FBgn0085766	1330	457.23732700794	1315.5
FBgn0085772	975	224.794607448135	648.25
FBgn0085486	1238	222.61617173807	944.75
FBgn0085826	855	157.001767348582	447
FBgn0086251	1200	270.465896403079	966.75
FBgn0086348	1678	980.69310656554	1900.5
FBgn0086367	1659	1005.76834878796	1890.25
FBgn0086443	1274	346.781129422974	1148.5
FBgn0086451	1392	472.583836150862	1387.75
FBgn0086265	418	29.4222099301841	46.5
FBgn0086694	1224	288.824135617688	1019.75
FBgn0086704	1065	217.782728499849	743
FBgn0086907	1419	519.655664259127	1459.25
FBgn0086915	1271	192.777069429639	941.5
FBgn0086708	1028	222.771685240055	709
FBgn0086916	1626	865.519150701271	1824.25
FBgn0243512	1023	245.858151736723	736.25
FBgn0250825	1115	92.1934979167396	569
FBgn0250826	992	58.6310433249685	349.25
FBgn0250840	1057	92.33359607629	506.75
FBgn0250845	955	37.9610880078802	253.25
FBgn0250846	1284	218.149263666362	999
FBgn0250816	850	124.825197439748	380.75
FBgn0250849	997	54.1870273723333	346
FBgn0250871	1504	771.019557481967	1673.75
FBgn0250874	1369	500.460648542911	1390
FBgn0250904	972	199.255238581588	607.25
FBgn0259101	1133	352.930769298446	984
FBgn0259111	1694	980.857977149265	1915.75
FBgn0259143	1117	172.362370665198	720
FBgn0259184	1118	291.496183096456	898.75
FBgn0259203	1907	1551.27439073076	2113.75
FBgn0259216	1749	1116.92957042264	1978.25
FBgn0259219	1050	159.190978619475	623.25
FBgn0259223	1682	908.267735961438	1881.25
FBgn0259233	1645	973.854772088798	1875
FBgn0259247	436	36.203680347136	61.25
FBgn0259713	1106	370.261728987934	967
FBgn0259739	1184	143.097281067992	748
FBgn0259749	1848	1440.65685565268	2072.5
FBgn0259785	1826	1280.86343504235	2041.75
FBgn0259789	1240	434.081785895898	1189
FBgn0259818	1281	349.800723882789	1158.25
FBgn0259831	681	45.7191766611749	127
FBgn0259985	983	222.283015335553	652.25
FBgn0259992	775	71.8112351476256	233.75
FBgn0259878	1239	301.39860788826	1047.5
FBgn0260006	755	163.039307076713	403.25
FBgn0260230	1124	98.4706918458013	596.5
FBgn0260231	1124	98.4706918458013	596.5
FBgn0260428	1449	404.17440187941	1395.5
FBgn0260434	799	7.50138784188576	105.75
FBgn0260453	951	48.801198785385	278
FBgn0260444	1696	1092.6531418546	1943
FBgn0260454	951	48.801198785385	278
FBgn0260459	1289	289.077079278332	1101.75
FBgn0260008	642	36.9004710821082	92.75
FBgn0260228	1141	188.292431410319	777
FBgn0260466	1186	133.435296667809	732.5
FBgn0260479	1870	1460.85537371135	2084
FBgn0260480	1438	411.691558856717	1389.5
FBgn0260653	1603	718.547733289794	1735
FBgn0260659	1864	1357.20626850695	2068
FBgn0260722	1856	1382.64507299772	2070.25
FBgn0260758	1454	486.383961760374	1468.75
FBgn0260761	1191	258.299949390242	945.25
FBgn0260762	1191	258.299949390242	945.25
FBgn0260789	1323	409.699968932007	1271
FBgn0260776	1277	286.097484851103	1083.75
FBgn0260817	877	130.565875260239	407.25
FBgn0260855	1579	693.711855245339	1700.75
FBgn0260780	788	63.3097624994216	217.25
FBgn0260954	815	89.8813824146558	293.5
FBgn0260962	1366	395.471694789573	1298.5
FBgn0260967	1401	425.486039760271	1362.75
FBgn0260969	1806	1226.78031637694	2020.75
FBgn0260997	1473	553.831503587031	1546.25
FBgn0261015	1124	198.996796342603	781.25
FBgn0261019	1358	402.859642663391	1295.25
FBgn0261064	989	198.375540566462	624
FBgn0260996	1312	332.709295673986	1178.25
FBgn0261258	1333	384.607439818698	1254.5
FBgn0261341	1274	313.731795704373	1112
FBgn0261402	826	60.9698265276091	231
FBgn0261286	813	123.033535717906	357
FBgn0261287	952	55.8730712091228	300
FBgn0261429	1241	264.376542977933	1012
FBgn0261458	1429	587.232702536089	1512.5
FBgn0261504	1415	530.182514056948	1459.75
FBgn0261505	1395	435.571083460937	1367.75
FBgn0261445	1037	333.393286685813	857.25
FBgn0261502	1195	153.377104777277	780.75
FBgn0261514	1194	284.874465257024	978.75
FBgn0261522	1291	322.86116828112	1142
FBgn0261529	1673	875.736560297677	1858
FBgn0261530	1911	1513.30155948675	2109.25
FBgn0261531	844	9.90525730141959	134.5
FBgn0261536	1594	640.304828138695	1688.25
FBgn0261509	649	52.4153846573789	141.25
FBgn0261534	917	130.341583369169	431.5
FBgn0261537	1594	640.304828138695	1688.25
FBgn0261548	1529	666.891366458348	1642.5
FBgn0261549	935	89.9867834013016	370.5
FBgn0261562	1609	875.846285462734	1815
FBgn0261563	1271	368.742940610216	1166.5
FBgn0261567	699	125.791193908004	313.5
FBgn0261582	1041	67.1766099460589	435.5
FBgn0261625	871	104.172027768019	358.5
FBgn0261686	1195	259.190959018115	951.25
FBgn0261602	432	16.7760408762184	30.5
FBgn0261714	648	67.2353768150307	179.5
FBgn0261806	1942	1704.80722880928	2136.5
FBgn0261807	1340	741.045101968373	1496
FBgn0261816	1330	287.760365445924	1145.5
FBgn0261835	1237	188.142497069563	886.25
FBgn0261873	1917	1654.23998278451	2126.75
FBgn0261928	830	132.075724605326	384.75
FBgn0261963	1104	244.04650380304	818
FBgn0261988	1222	400.801734508777	1139.5
FBgn0261996	1969	1854.46755966329	2157
FBgn0261998	1384	467.85604739343	1375.75
FBgn0262002	985	43.7551532370089	299.5
FBgn0262036	1534	843.526363199455	1734
FBgn0262095	908	39.0201444625345	222
FBgn0262097	1248	195.273708445762	917.75
FBgn0262098	1152	177.445555043741	770
FBgn0262100	1468	435.654222869746	1448.5
FBgn0262102	1224	493.832311961825	1217.25
FBgn0262115	1534	691.174030546754	1661.5
FBgn0262117	1004	143.947837486724	547.25
FBgn0262125	1276	330.589420562272	1132.25
FBgn0262149	1429	535.096332034306	1481.5
FBgn0262476	942	131.426371263645	455.25
FBgn0262515	1533	675.047170462541	1653.5
FBgn0262485	1208	201.95974797143	883.75
FBgn0262532	671	116.488030773185	287
FBgn0262566	1726	1075.30165072569	1955
FBgn0262568	1097	119.595941342985	598.75
FBgn0262364	283	14.4873741813478	22.5
FBgn0262581	1863	1361.16350692017	2068
FBgn0262592	1318	506.698206205468	1345.25
FBgn0262687	1387	317.4639033926	1236.75
FBgn0262787	1256	202.732731022346	943.75
FBgn0262790	721	84.3828342778258	240
FBgn0262791	1328	312.046251489878	1169.75
FBgn0262807	721	84.3828342778258	240
FBgn0262836	1328	312.046251489878	1169.75
FBgn0262717	1193	299.570268321257	995.5
FBgn0262849	1183	259.780344295126	937.25
FBgn0262850	1306	380.880362860204	1220.75
FBgn0262851	1214	304.256465676711	1026.25
FBgn0262837	721	84.3828342778258	240
FBgn0262858	920	122.463625696378	419
FBgn0262882	1225	173.214117731269	850
FBgn0262966	1436	490.041001956456	1450
FBgn0262955	1273	295.97189100754	1090.75
FBgn0262985	1578	763.236823336005	1728.75
FBgn0263006	1248	395.642499051442	1163.75
FBgn0263026	1534	672.973006373915	1653
FBgn0263032	1027	100.393597432771	490.75
FBgn0008635	1361	383.533346596705	1277.5
FBgn0008646	1164	234.617483001732	883.75
FBgn0010113	1086	160.534034156499	665.25
FBgn0010052	532	35.2179445084573	65.25
FBgn0010220	944	142.687831021919	479.75
FBgn0010278	1219	389.25333548719	1124.5
FBgn0263033	1027	100.393597432771	490.75
FBgn0010317	1452	678.392039689085	1584.75
FBgn0010280	1049	195.292609935733	686.5
FBgn0010504	932	215.054065680807	597.5
FBgn0010612	903	99.5549120141296	370
FBgn0010786	1579	768.806589700716	1736.25
FBgn0010423	971	328.356068935097	771.25
FBgn0010825	1489	584.192974074201	1567.25
FBgn0010830	1895	1531.31082385963	2105.5
FBgn0011202	1255	292.871102257242	1063
FBgn0011207	1420	507.479737595146	1449.75
FBgn0011244	1020	60.1110717453942	383.25
FBgn0011270	794	9.20042851383123	103.75
FBgn0011227	888	126.272262094248	409.25
FBgn0011297	1212	312.240011000632	1032.5
FBgn0011576	1360	536.68313150017	1409.25
FBgn0010222	229	4.0678313165905	7
FBgn0011604	1989	1949.19915506505	2164
FBgn0011640	1608	781.873979344922	1769
FBgn0011661	1420	504.953121599127	1447.25
FBgn0011704	939	143.534539115832	479.25
FBgn0011706	1109	172.386669847219	707.5
FBgn0011760	871	72.5321489224472	288
FBgn0011273	1027	61.187517524523	400.25
FBgn0011766	1059	159.443126001912	635.25
FBgn0011817	1409	614.268790769206	1505.75
FBgn0011836	1359	392.085648089199	1282.5
FBgn0013300	1265	207.265873120179	960
FBgn0012344	929	110.147761219761	407.75
FBgn0013301	1173	134.043970145793	717.75
FBgn0013342	1247	613.740787605312	1327.75
FBgn0013348	1044	141.286689754938	587.5
FBgn0013672	903	147.97546361612	461.5
FBgn0013675	1205	290.646376896556	997
FBgn0013548	1516	959.213030430232	1768.25
FBgn0013676	1424	521.37857264251	1465.5
FBgn0013681	1330	381.938159620803	1245
FBgn0013685	1107	218.717534707686	784.5
FBgn0013686	1596	762.494333024703	1747.75
FBgn0013688	1026	175.805914334312	624
FBgn0013699	1722	1041.8035071429	1946
FBgn0013704	931	126.423778301594	438.5
FBgn0263077	1528	622.895620204521	1621.5
FBgn0263093	1951	1665.07722183444	2137.5
FBgn0263106	871	150.979884870417	445
FBgn0263132	1547	634.610038022571	1647.75
FBgn0263219	1735	1057.36785792	1955
FBgn0263241	1431	486.382456902577	1442.5
FBgn0263324	1418	364.716834749263	1318.5
FBgn0263345	1417	726.313683393638	1568.5
FBgn0263248	996	130.014787733475	506.75
FBgn0263387	997	54.1870273723333	346
FBgn0263406	903	104.890013142565	380.5
FBgn0263443	966	125.604543472365	464.25
FBgn0263446	883	92.5207537978346	339.5
FBgn0263442	1720	1216.60210503152	1978.5
FBgn0263492	1181	226.268902113424	887
FBgn0263493	703	77.9578430925785	217.25
FBgn0263494	1208	344.74026492343	1063.25
FBgn0263583	1634	816.188890662178	1805.5
FBgn0263740	1099	186.249599721207	717.5
FBgn0263776	1564	660.687429744566	1672.5
FBgn0263830	1212	270.913823178252	983.5
FBgn0263647	1119	104.523371678679	604.25
FBgn0263973	1891	1514.03995911335	2100.25
FBgn0263911	899	98.1257612240254	363.5
FBgn0264297	1189	272.592351845384	958.5
FBgn0264298	1189	272.592351845384	958.5
FBgn0263982	822	9.04507162398629	118.75
FBgn0264299	1189	272.592351845384	958.5
FBgn0264309	1453	585.929573720332	1538
FBgn0264364	1083	84.2631673802461	515.25
FBgn0264432	1120	220.113271427975	807.75
FBgn0264506	1727	1204.91046558031	1982.25
FBgn0264510	1680	1069.93313873447	1920.75
FBgn0264517	1413	457.883409445186	1398.75
FBgn0264544	1707	1016.96889678867	1932.5
FBgn0264545	1707	1016.96889678867	1932.5
FBgn0264561	1418	470.375822074873	1413
FBgn0264562	1376	412.604873519734	1326.5
FBgn0264572	1237	362.702941844169	1111.75
FBgn0264674	1349	384.250360956527	1267
FBgn0264711	1308	431.727718015375	1276.25
FBgn0264789	1273	304.301125085325	1100.75
FBgn0264862	1137	269.794640269686	893.25
FBgn0264906	887	127.955241857909	409.75
FBgn0264600	1396	445.510847087655	1373.75
FBgn0264916	1187	332.22795759719	1023.5
FBgn0264993	1427	459.780096958795	1416.75
FBgn0265003	1110	270.583917648356	860.5
FBgn0265052	810	79.397345136652	264.75
FBgn0265070	809	96.8166785460059	307
FBgn0265140	1725	1116.1063079686	1964.75
FBgn0265263	970	47.3588676566682	290.5
FBgn0265177	939	118.400436114868	426.25
FBgn0265265	1101	82.9287610641237	526
FBgn0265269	1055	68.7668764034188	453
FBgn0265266	1018	223.807286560596	693.25
FBgn0265271	1252	194.661983873726	921.25
FBgn0265295	1365	630.753991274947	1469.25
FBgn0265182	635	50.0680054086446	127
FBgn0265342	1149	342.579395117345	987.5
FBgn0265508	1852	1369.95181123042	2065.5
FBgn0265512	1786	1170.2377944027	2004
FBgn0265428	913	186.655641858771	530
FBgn0265648	1735	1063.06829755568	1957.5
FBgn0265649	1976	1782.16155786584	2154.5
FBgn0265702	1410	659.022492663939	1527.25
FBgn0265810	1206	433.134744530289	1149.5
FBgn0265901	1286	463.130476862726	1270.25
FBgn0265902	1181	285.99911290129	962
FBgn0265915	1369	406.665459243314	1316.5
FBgn0265963	1761	1356.82786797984	2025.75
FBgn0265988	1462	704.191924740071	1608
FBgn0266021	2045	2306.45915009736	2173.5
FBgn0266053	1012	184.197430915466	616.25
FBgn0266083	1239	365.888507378629	1118
FBgn0266144	926	133.026331782488	444.75
FBgn0266195	1358	402.859642663391	1295.25
FBgn0266201	1009	187.343299778564	619.5
FBgn0266284	1193	368.120827768517	1069
FBgn0266382	1182	236.749711748114	903.75
FBgn0266377	844	134.330079960672	397.5
FBgn0266417	1531	808.313976441499	1713.5
FBgn0266436	1228	200.594103076261	905.5
FBgn0266437	652	60.0539331007885	158.5
FBgn0266438	1966	1853.16897675923	2155.5
FBgn0266439	1966	1853.16897675923	2155.5
FBgn0266486	691	80.9879292407096	219.25
FBgn0266540	1434	484.157575912623	1443
FBgn0266577	1425	501.91605358689	1447.75
FBgn0266624	1587	778.066701404122	1746
FBgn0266627	1694	1085.61093027885	1938.75
FBgn0266628	1109	189.55733980462	738
FBgn0266638	1294	322.422794776849	1148
FBgn0266656	1559	737.485240518743	1704
FBgn0266672	676	82.9355487028365	220.5
FBgn0266691	1421	519.025109876488	1461
FBgn0266694	1299	335.44778446204	1169
FBgn0266696	794	71.3680679930642	240.75
FBgn0266729	1357	470.396613535955	1347.75
FBgn0266740	1588	795.75665762802	1757
FBgn0266741	1393	907.82942769951	1626.25
FBgn0266757	996	142.074566226283	532.25
FBgn0266798	1385	407.149349819698	1331.25
FBgn0266817	831	105.222463662616	337.5
FBgn0266859	869	118.605730399735	378.25
FBgn0266866	1362	501.587006132078	1380.75
FBgn0266917	1689	937.817544982092	1899.75
FBgn0266925	1563	641.739886573833	1663.25
FBgn0266933	1002	187.718226886975	615.75
FBgn0266972	1590	824.638894933281	1771.25
FBgn0267042	1647	921.944543784204	1858.75
FBgn0267043	1740	1138.34167427887	1977.75
FBgn0267044	1889	1868.82144901003	2129.75
FBgn0267045	1912	1766.4104537953	2135.5
FBgn0267046	1539	551.671596209532	1592.25
FBgn0267047	1655	747.246296418031	1784.25
FBgn0267048	1597	752.142535529999	1745
FBgn0267049	1447	528.501532775706	1495
FBgn0267035	637	70.0696588356864	184.75
FBgn0267050	1414	474.47652547725	1412.25
FBgn0267078	1109	191.433021379245	739
FBgn0267112	1441	629.156967003423	1547.75
FBgn0267113	1288	385.654663431216	1203.5
FBgn0267151	1296	321.908589057045	1150.25
FBgn0267152	1496	669.395126431294	1617.5
FBgn0267157	1183	292.526940709865	973.75
FBgn0267164	1080	315.101009502975	883.5
FBgn0267228	1689	929.515456106684	1895.25
FBgn0267242	649	69.781331131739	186.75
FBgn0267326	1701	930.371646967283	1907.5
FBgn0267366	1377	387.396409050761	1299.5
FBgn0267383	972	68.2986742083542	355.75
FBgn0267411	1076	97.2163423070641	537.25
FBgn0267413	1185	167.233456060367	790.75
FBgn0267417	1129	126.161441206855	652
FBgn0267418	1460	434.556570654312	1437.25
FBgn0267419	897	30.3933274928148	195.75
FBgn0267432	1452	473.06763402902	1453.25
FBgn0267253	1051	143.881029049526	600.5
FBgn0267337	840	131.864809544068	389.25
FBgn0267433	1240	276.528386491987	1021
FBgn0267471	1152	243.604961837705	877.5
FBgn0267490	1241	206.789321549187	929
FBgn0267481	980	160.211703419357	542.25
FBgn0267496	1243	354.44228398729	1117
FBgn0267499	1143	292.210690719031	928
FBgn0267500	1267	376.282007993638	1167
FBgn0267502	1212	355.689046618052	1079.5
FBgn0267495	1208	246.99881069166	951.75
FBgn0267503	1268	377.569110278961	1169.75
FBgn0267511	794	80.2620428047823	256.25
FBgn0267512	1247	365.474662052692	1130.75
FBgn0267492	1198	155.363668613931	786.25
FBgn0267545	1291	313.941964743923	1133.5
FBgn0267550	1891	1724.24532747179	2121
FBgn0267587	702	64.3490566100705	185.5
FBgn0267592	1183	167.565443519376	788.25
FBgn0267632	1151	280.338326995956	922.5
FBgn0267660	1840	1349.86547632729	2055
FBgn0267693	1151	272.334188024041	912
FBgn0267668	1689	1057.89753543426	1925.25
FBgn0267676	693	109.446326359454	284.25
FBgn0267705	1403	610.912821625581	1497.25
FBgn0267721	977	59.7497732821454	332.5
FBgn0267725	1109	280.380245562774	871.5
FBgn0267733	485	81.4710818376087	180.5
FBgn0267727	1037	54.9372191284427	397.25
FBgn0267736	1612	948.978142052963	1848.5
FBgn0267776	1448	572.942534814756	1524.25
FBgn0267777	982	186.314534722223	587.75
FBgn0267794	1472	659.48376340139	1600.5
FBgn0267812	1866	1432.40544911057	2078.75
FBgn0267861	1953	1800.72087231423	2150.5
FBgn0267809	695	87.5075435479994	238
FBgn0267985	1308	418.417533802124	1265.25
FBgn0270924	1604	813.642427373409	1782.5
FBgn0270926	177	5.7032356710908	8
FBgn0283433	477	41.5399753449901	77.5
FBgn0278598	1338	368.379336722852	1240.75
FBgn0270925	908	20.8780470028383	187
FBgn0283476	1892	1521.1175563766	2103.25
FBgn0283434	766	120.005267034633	326.5
FBgn0283499	1388	517.734974227476	1424.5
FBgn0283500	1291	338.147720268772	1159
FBgn0013746	1898	1500.68834001062	2101.5
FBgn0013756	1182	233.504048112335	900.75
FBgn0013770	1701	1000.23080523573	1925.5
FBgn0014007	1325	360.161622781305	1220
FBgn0014011	1024	286.375766735216	787
FBgn0014018	980	195.883257581162	606.75
FBgn0014163	856	67.8257612442718	271.5
FBgn0014179	1551	562.972599594537	1612
FBgn0014189	1310	379.827581996214	1222.75
FBgn0014342	1175	314.556678685711	990.25
FBgn0014391	887	96.6615483096648	353.5
FBgn0014417	933	200.077220810309	577
FBgn0014454	1844	1376.72367721285	2063.5
FBgn0014455	1062	156.724965920019	637.25
FBgn0014859	995	294.942298829591	763.5
FBgn0014903	1434	473.6464625677	1434.25
FBgn0015008	1668	857.892609217713	1848
FBgn0015221	1215	412.245207819835	1142.5
FBgn0015222	1210	364.36062895558	1085.5
FBgn0015032	1071	403.311149594696	967
FBgn0015240	1593	736.699919367758	1732
FBgn0015031	614	31.5661483042585	73.75
FBgn0015568	1497	575.716326634116	1569.25
FBgn0015288	563	49.6414169041992	109.5
FBgn0015574	1398	559.673729895369	1463.75
FBgn0015663	1463	522.269207095719	1511.25
FBgn0015582	979	187.526495740919	585.25
FBgn0015737	1467	543.85384091937	1528.25
FBgn0015766	1079	187.703338359321	702.75
FBgn0015770	1268	259.552995913362	1040.25
FBgn0015795	1463	597.319353497394	1556.25
FBgn0015799	1643	869.975908024818	1836.5
FBgn0015805	1686	937.318077112022	1896
FBgn0015905	1025	232.993541349749	722.75
FBgn0015925	1035	178.813088917024	641.5
FBgn0015929	1444	561.85026817409	1514.25
FBgn0015949	1921	1537.47820860452	2115.5
FBgn0016038	1813	1354.25525649996	2044.75
FBgn0016078	1590	810.786043769115	1765.75
FBgn0016081	1161	218.116226014963	849.75
FBgn0016123	1398	544.138810338905	1453.75
FBgn0016131	1228	276.795713938494	1010.5
FBgn0016687	1640	949.746263884706	1866.75
FBgn0016930	1534	763.704445673741	1694.5
FBgn0017456	1258	422.198156219927	1204.5
FBgn0017572	1610	792.642840907754	1778.25
FBgn0017581	790	100.879891887806	304.5
FBgn0019830	1074	164.11167695231	658.5
FBgn0019686	1038	251.820670137891	763.5
FBgn0019940	826	87.0469911776677	292
FBgn0020272	1592	766.507145089247	1744.5
FBgn0019828	884	17.4341414364149	166
FBgn0020372	895	95.7307812447693	358.5
FBgn0020378	885	131.755753493007	415.75
FBgn0020370	830	82.9022594908956	285.25
FBgn0020386	1331	459.11211167805	1318.75
FBgn0020388	1595	1070.21826785658	1856.5
FBgn0020371	1019	54.684320883569	370.25
FBgn0020392	1456	533.701762633689	1511.5
FBgn0020399	1466	735.398096454536	1626.25
FBgn0020643	506	32.0994635559726	58
FBgn0020407	1887	1528.66000014762	2098.5
FBgn0020618	657	47.5148424557628	125
FBgn0020644	506	32.0994635559726	58
FBgn0020908	1310	394.80590201645	1238.75
FBgn0020765	1068	208.214278946559	733.5
FBgn0021796	979	164.247997550895	548.25
FBgn0021760	1691	970.137120910503	1911
FBgn0021814	889	125.439318418649	406.5
FBgn0021895	1695	930.886302778014	1903.25
FBgn0022029	990	154.826448332072	546.25
FBgn0022153	1092	220.256075740006	772
FBgn0022355	1162	245.666729751726	894.25
FBgn0022702	1619	754.129576363857	1763.25
FBgn0022770	1741	1172.00207853548	1986.25
FBgn0022935	1734	1258.13613573913	1996.75
FBgn0022959	1562	636.480903742168	1658
FBgn0022985	1358	441.652559144208	1329
FBgn0023001	1638	912.623432182856	1848
FBgn0023094	1450	551.966630296618	1514.25
FBgn0023129	1148	248.866548169424	879.75
FBgn0023130	1331	517.260966263186	1367.25
FBgn0023169	1234	367.971879781947	1115.25
FBgn0023172	1159	219.398152890651	850
FBgn0023511	1292	450.587965817826	1269.5
FBgn0023541	874	139.049505640612	425
FBgn0024315	1590	785.571814153001	1752.75
FBgn0024332	1112	225.499226996495	804.75
FBgn0024510	766	129.110062900602	343
FBgn0024889	2000	2002.32569301529	2166.5
FBgn0024897	693	38.2133477234977	111.75
FBgn0024977	1638	909.639966381849	1847
FBgn0024998	1517	698.5335211338	1654
FBgn0024989	1582	991.032935174659	1828.5
FBgn0025111	1023	134.750397247997	548.75
FBgn0025185	1153	280.621176431494	926.5
FBgn0025335	1157	240.137407930812	881.25
FBgn0025336	703	94.4992916130433	257.75
FBgn0025355	1434	484.157575912623	1443
FBgn0025390	924	112.71395978528	405.75
FBgn0025454	1242	268.179667597634	1016.25
FBgn0025378	1080	88.9022917439861	522.5
FBgn0025571	1544	618.002106982583	1636.75
FBgn0025573	1887	1483.77552538458	2091.5
FBgn0025616	1110	109.165264892216	597
FBgn0025625	1551	648.813890749514	1658
FBgn0025674	1827	1345.11722096075	2050.5
FBgn0025682	1061	195.430486312579	704.25
FBgn0025697	1068	167.80606735624	662
FBgn0025720	1423	483.439736837675	1430
FBgn0025725	1131	203.338411034745	797
FBgn0025739	1415	457.916988114102	1401.25
FBgn0025743	1233	401.664745155208	1150.5
FBgn0025809	1547	890.193991384451	1767.25
FBgn0025821	1761	1102.21261899949	1980.75
FBgn0025835	1208	501.5292279311	1203.75
FBgn0025874	1360	472.680289457253	1354.25
FBgn0026077	1785	1214.22593565303	2009.5
FBgn0026136	1190	145.155912497037	763.25
FBgn0026079	1171	256.274935317069	917.5
FBgn0026143	1640	831.01706364726	1816.25
FBgn0026192	1663	838.822941364948	1835
FBgn0026263	1094	220.507278470693	774.25
FBgn0026404	1694	890.457427766811	1883.75
FBgn0026141	1102	103.961389257524	576
FBgn0026428	1721	998.578972344939	1934.25
FBgn0026563	1387	514.255331492011	1419.75
FBgn0026597	1882	1498.48223306681	2092.5
FBgn0026741	799	87.2783481340025	279.75
FBgn0026620	1363	475.779295590821	1362
FBgn0027074	1547	830.257860645162	1742.25
FBgn0026753	843	84.6592101165037	298.5
FBgn0027084	1437	531.944207650595	1486.25
FBgn0027088	1460	505.906156971862	1493.75
FBgn0027090	1140	245.515067976198	867.75
FBgn0027348	909	113.674458332037	399.5
FBgn0027376	1515	552.19090085303	1573
FBgn0027490	1216	354.62885523383	1084.75
FBgn0027495	1531	595.973129123607	1608.5
FBgn0027552	1661	949.114389321019	1879.75
FBgn0027570	993	154.613156746123	548.5
FBgn0027587	1443	515.97180113787	1481.75
FBgn0027600	1925	1604.88130277187	2125.5
FBgn0027601	573	39.8610718084063	84.5
FBgn0027607	989	146.408275830301	534
FBgn0027608	1215	239.203571485935	948.5
FBgn0027791	1062	279.239850204171	825.25
FBgn0027794	1028	228.196625128221	720
FBgn0027844	1789	1146.125643847	2002
FBgn0027932	1799	1354.71208483403	2038.5
FBgn0028379	1397	367.563052926384	1299.75
FBgn0028406	1454	490.494208297345	1472.25
FBgn0028490	824	120.34066829945	357.75
FBgn0028527	1505	847.210980912736	1709.75
FBgn0028513	995	44.7633497606455	314
FBgn0028530	1533	597.961452278088	1613.5
FBgn0028537	727	68.1048481879713	209
FBgn0028540	1289	357.940418979307	1177.25
FBgn0028531	1117	92.1584819077923	572
FBgn0028541	1628	861.535164521654	1824.25
FBgn0028544	1908	1612.22264785803	2122.5
FBgn0028560	984	60.6381804084914	345.25
FBgn0028561	1328	392.63780668133	1253.5
FBgn0028572	1531	824.592725159425	1720
FBgn0028567	1110	107.296378023244	592.5
FBgn0028577	1247	310.669732985653	1073.25
FBgn0028658	1683	885.381559930794	1874
FBgn0028669	1722	1013.93625764265	1940
FBgn0028838	1102	94.0683250482761	554.5
FBgn0028847	984	41.5756548619477	293.25
FBgn0028857	1611	657.427614323596	1714
FBgn0028868	1416	370.419516772502	1324.25
FBgn0028880	1641	700.500649768478	1756.25
FBgn0028886	1736	1117.38676727355	1973.25
FBgn0028892	1058	80.949381552227	478.25
FBgn0028893	1106	114.374007690662	599
FBgn0028901	1193	168.852414129656	805
FBgn0028902	968	40.15522458237	271
FBgn0028903	1318	243.548476744482	1077.75
FBgn0028913	1411	470.661461603777	1406
FBgn0028935	1208	203.684221645577	887.75
FBgn0028938	1903	1603.37225023199	2116.75
FBgn0028969	1271	338.925307016107	1134.5
FBgn0028941	1494	569.897603333959	1563.25
FBgn0028991	1616	782.691873319034	1777
FBgn0028983	800	53.9208224120876	201.5
FBgn0028997	1560	825.046449245296	1747.75
FBgn0029002	1429	521.414773074464	1472
FBgn0029084	1727	934.811341253175	1923.25
FBgn0029095	1763	1083.7888492908	1977
FBgn0029105	1198	406.645245387296	1116.25
FBgn0029113	1382	512.351590061227	1412.25
FBgn0029153	1000	44.9819620282778	320.75
FBgn0029154	1000	44.9819620282778	320.75
FBgn0029133	1494	849.554089255282	1700.75
FBgn0029501	1340	308.51010452915	1179
FBgn0029539	1003	80.9223792149917	414.25
FBgn0029552	1903	1485.15622189078	2101.25
FBgn0029659	1013	50.8444441925298	351.25
FBgn0029661	1768	1105.21910343861	1983.5
FBgn0029176	709	50.8224170696459	153
FBgn0029662	1911	1542.37975759548	2114.25
FBgn0029672	1469	623.894508034568	1579.75
FBgn0029700	1251	211.404346877029	950
FBgn0029702	931	23.683021701469	206.5
FBgn0029688	1290	328.392220488745	1148
FBgn0029703	1631	764.308263659149	1776.5
FBgn0029715	1240	278.428518026148	1023.5
FBgn0029717	1941	1706.64948932041	2135.75
FBgn0029725	1361	454.146279027518	1343.5
FBgn0029730	1464	435.619139463565	1443
FBgn0029736	1438	585.550389150399	1520
FBgn0029745	1693	944.809919059227	1905.25
FBgn0029750	1176	162.952062533895	773
FBgn0029752	1169	143.446077677647	733.5
FBgn0029798	1292	389.813726241541	1215
FBgn0029812	1343	299.89588666963	1171.75
FBgn0029816	1201	204.791462550306	878.5
FBgn0029820	1755	1136.09775210494	1984.5
FBgn0029836	1043	181.163299057403	652.5
FBgn0029837	758	51.4323937734403	173
FBgn0029831	1083	316.51707028676	888.5
FBgn0029838	1347	382.868801501643	1261.75
FBgn0029839	1820	1323.54894466727	2043.5
FBgn0029859	1281	342.704255940743	1149.75
FBgn0029861	1341	497.303705839399	1357
FBgn0029870	1037	194.909921844956	674.25
FBgn0029874	1535	788.143423210896	1711.25
FBgn0029905	727	109.061150602672	295.5
FBgn0029946	1161	146.180102777767	730.25
FBgn0029947	887	17.456934915427	170
FBgn0029949	1062	80.6209439584148	485.25
FBgn0029951	1178	144.98315897309	746.75
FBgn0029952	1289	326.271618667711	1143.25
FBgn0029912	1554	676.363734747841	1675
FBgn0029963	838	16.3361763419003	137.25
FBgn0029976	1203	503.812392178284	1199.75
FBgn0029989	1941	1818.28873321534	2145.25
FBgn0029992	1458	614.982515949019	1563
FBgn0030007	1947	1725.01400954415	2140.75
FBgn0030001	722	46.2027646863474	143
FBgn0030015	960	98.9045852983096	412
FBgn0030013	740	84.3225733216415	247.75
FBgn0030027	540	27.5108061806546	53
FBgn0030087	1000	159.480662822466	566.5
FBgn0030093	1596	760.674058239348	1746.75
FBgn0030033	1034	59.6383178747808	401.75
FBgn0030096	1362	578.259609781454	1436.25
FBgn0030109	1956	1729.39860754232	2146
FBgn0030114	1722	960.137558328654	1929.5
FBgn0030116	1370	565.935314338459	1441.5
FBgn0030151	1138	209.784325204546	813.5
FBgn0030141	1757	1119.92288733381	1984.5
FBgn0030191	1056	95.2995982073803	513
FBgn0030215	1468	490.634887759004	1489
FBgn0030174	827	91.305632040588	303.75
FBgn0030224	1191	166.037790991825	798
FBgn0030240	1932	1632.93680960127	2129.5
FBgn0030246	1021	134.426436178464	544.5
FBgn0030247	1205	180.83692688298	833.5
FBgn0030277	1028	52.3249126862744	379.5
FBgn0030278	1256	193.761685145116	924.75
FBgn0030280	1018	77.1557464107972	421.25
FBgn0030283	1005	79.2586058699797	412.75
FBgn0030263	579	66.7834925196921	162
FBgn0030293	1577	855.946443983107	1772.75
FBgn0030292	742	61.458906190373	198
FBgn0030316	1386	657.507193881771	1503
FBgn0030317	1009	139.527597588312	541
FBgn0030342	1545	673.051301514626	1663.5
FBgn0030319	942	50.5390059480972	279.25
FBgn0030352	1129	417.466705490706	1048
FBgn0030356	1277	239.224059503592	1027.25
FBgn0030350	812	90.1722701351081	292.5
FBgn0030357	1523	798.367544444417	1706
FBgn0030376	1136	111.787769281435	634.75
FBgn0030384	1061	156.467373606494	634.75
FBgn0030398	1852	1374.84297985336	2067
FBgn0030365	1132	271.049147785904	891.5
FBgn0030481	849	166.542557649998	457
FBgn0030506	1377	428.021493022335	1341
FBgn0030510	1470	528.731562850914	1524
FBgn0030554	1646	800.762195864119	1807
FBgn0030462	1315	305.139458523065	1151.75
FBgn0030555	1589	915.961413499271	1810
FBgn0030556	1751	1099.87620819061	1975.5
FBgn0030562	1359	637.798895960479	1463
FBgn0030582	1250	340.843317180548	1108.75
FBgn0030578	1280	208.881463564223	982.25
FBgn0030589	655	61.4174253700994	166.5
FBgn0030628	1647	850.455702886464	1828.25
FBgn0030624	1204	183.455885717358	836.5
FBgn0030653	1023	232.356649172087	718.25
FBgn0030658	1296	425.42635620968	1258.25
FBgn0030659	1850	1374.1855721045	2065.5
FBgn0030671	1891	1539.19210990853	2103.75
FBgn0030687	1580	697.272033149546	1703.25
FBgn0030697	1016	61.0117030550644	380.75
FBgn0030720	1430	519.94539931938	1472.25
FBgn0030763	1801	1246.44254758096	2022.5
FBgn0030770	1590	612.717917502132	1670.75
FBgn0030733	767	65.176124046457	213.75
FBgn0030773	1096	278.527691974066	854.75
FBgn0030788	1078	232.160437031283	778.5
FBgn0030780	1619	710.325559329736	1744.75
FBgn0030814	1270	243.103050851363	1019
FBgn0030795	1037	212.020138122076	704.25
FBgn0030823	1569	708.783542236931	1699.5
FBgn0030826	1486	552.882939221768	1548
FBgn0030829	1853	1601.89472707465	2095
FBgn0030830	1824	1310.59302365269	2042.75
FBgn0030846	1372	384.563664753376	1293.75
FBgn0030858	1439	501.756657852773	1462.75
FBgn0030859	1054	191.547750690009	682
FBgn0030872	510	85.7139424948086	194.5
FBgn0030873	1700	985.847821266122	1921.75
FBgn0030877	1892	1457.22066694271	2095.75
FBgn0030878	1810	1155.61180140947	2011
FBgn0030882	1459	513.065092930622	1497.5
FBgn0030894	1350	514.111964657957	1380.5
FBgn0030932	1134	262.524270566736	886
FBgn0030915	1294	534.397753362587	1344
FBgn0030945	1337	425.998653771984	1298.75
FBgn0030933	1213	171.952028052719	832.5
FBgn0030946	1314	368.471602682475	1218
FBgn0030952	1116	124.38283906885	630.25
FBgn0030837	46	0.295480825557868	1
FBgn0030955	1506	855.109703267829	1713.75
FBgn0030956	755	171.194527785262	415.75
FBgn0030960	1560	683.239285417937	1680.25
FBgn0030959	884	255.10351035074	620.5
FBgn0030966	1455	487.12219622969	1471.25
FBgn0030973	1670	902.945863522995	1865.5
FBgn0030985	1033	176.11116178777	634
FBgn0030990	1115	326.759184001615	932.5
FBgn0031001	1600	837.417583624334	1791.5
FBgn0031006	761	79.3793466563672	240.5
FBgn0031008	1351	409.621975467548	1296
FBgn0031020	1472	529.757722976205	1527.5
FBgn0030975	993	43.8906782613904	310
FBgn0031042	986	138.350230788489	513.25
FBgn0031047	1723	1045.46339506098	1947.5
FBgn0031048	1546	906.125337088652	1772
FBgn0031051	1679	883.040573998996	1867.75
FBgn0031077	1502	598.164278809374	1587.5
FBgn0031093	1234	309.766361570276	1054.25
FBgn0031085	1180	182.635812735686	806
FBgn0031098	886	169.896612807039	484.5
FBgn0031097	1107	304.10928075885	896.5
FBgn0031099	1330	652.911919624201	1443.5
FBgn0031103	851	16.4098964898932	147.5
FBgn0031108	985	101.531054607022	443.5
FBgn0031130	1605	794.579026399839	1775.75
FBgn0031134	1060	126.082659038597	575.5
FBgn0031106	1329	565.646733407152	1395.75
FBgn0031139	1118	103.080372977651	599.25
FBgn0031208	1604	853.244378839092	1799.5
FBgn0031228	1206	259.932501510062	965
FBgn0031164	1154	303.830186720732	953.75
FBgn0031235	1074	193.707728704877	710
FBgn0031238	1749	1074.92152207868	1966.25
FBgn0031240	1142	107.799459362817	634.25
FBgn0031267	1439	748.622880826047	1601.25
FBgn0031279	1463	857.445389932167	1682.75
FBgn0031295	1573	572.313765589389	1630.5
FBgn0031298	1568	817.873689810218	1750
FBgn0031299	1410	596.001973402887	1495.25
FBgn0031302	1284	353.198745875865	1164
FBgn0031301	1106	252.493783796626	833
FBgn0031323	930	26.9364071507297	211.25
FBgn0031332	1090	93.3192512439125	543.25
FBgn0031333	966	40.7728413152247	272.75
FBgn0031335	1004	61.5039761816061	374.75
FBgn0031343	894	20.2108504705265	178.5
FBgn0031304	1313	323.817258760086	1169
FBgn0031347	1578	575.873328501494	1637.25
FBgn0031360	1133	201.9783201291	797
FBgn0031372	1503	468.184397513318	1493.25
FBgn0031377	1819	1307.74296425419	2040.5
FBgn0031407	1021	65.8422803644216	402.5
FBgn0031390	1463	480.644499797063	1473.75
FBgn0031410	1228	192.37759625625	885
FBgn0031435	1682	1158.0584246971	1944.25
FBgn0031426	1118	200.63769233678	777.75
FBgn0031443	1639	699.556153093717	1753.25
FBgn0031176	86	1.50453253977805	3.5
FBgn0031462	1448	552.78153406118	1513.25
FBgn0031464	1388	668.746291015715	1509.5
FBgn0031440	890	123.063282222823	405
FBgn0031450	1174	252.463984311534	915.5
FBgn0031489	1039	140.333471743383	582.25
FBgn0031490	902	90.1321410961357	346
FBgn0031476	1250	250.171758428801	1005.25
FBgn0031491	1370	406.272532082001	1317
FBgn0031493	1952	1804.94665584191	2150.5
FBgn0031501	1220	222.708972322212	930.25
FBgn0031496	946	125.524556504172	445.75
FBgn0031526	1535	509.647960380965	1559.75
FBgn0031542	1680	883.5613522876	1869.75
FBgn0031545	958	35.2495331302271	249.25
FBgn0031546	1655	783.843778914113	1803.75
FBgn0031548	1787	1142.84541905603	1999.5
FBgn0031571	1470	793.970918600149	1662.5
FBgn0031574	1048	67.7492236354408	441.5
FBgn0031604	1569	652.299061022198	1671
FBgn0031585	1017	58.3031377787346	372.5
FBgn0031620	1030	67.896578483702	423.75
FBgn0031611	1619	761.670917999312	1765.75
FBgn0031626	1098	93.2575231665975	551
FBgn0031637	672	80.3376898679018	211.75
FBgn0031649	1629	918.776295697461	1847.5
FBgn0031682	817	103.349132718618	326
FBgn0031684	879	102.407707755461	359.75
FBgn0031690	538	37.6924602925949	73
FBgn0031692	1489	544.237664968819	1544.25
FBgn0031703	1436	620.743485724497	1538
FBgn0031720	1452	449.177423358314	1435.75
FBgn0031722	1713	857.263161438267	1883.5
FBgn0031723	929	26.8888880837389	209.25
FBgn0031724	1161	160.70410777778	752.75
FBgn0031725	1383	424.21253337719	1343.5
FBgn0031728	1123	110.753712641342	618.75
FBgn0031737	925	185.220754511028	533.5
FBgn0031751	991	58.4542878117486	348
FBgn0031756	1097	276.608422784402	853.75
FBgn0031757	1652	776.725749905781	1797
FBgn0031758	1720	1216.60210503152	1978.5
FBgn0031785	1082	91.9201281740617	532.25
FBgn0031786	1568	572.780993255877	1627.5
FBgn0031831	1170	143.917599421378	736.5
