gene	degree	betweenness	rank
FBgn0000044	724	320.356025757331	865.5
FBgn0000045	466	144.204435012409	409.75
FBgn0000003	927	1028.51275918248	1579.25
FBgn0000046	623	312.835745909316	734.75
FBgn0000054	554	618.478829336517	892.25
FBgn0000057	899	866.129454088865	1484.75
FBgn0000100	272	32.0771421677774	78.5
FBgn0000092	743	595.106452398476	1095
FBgn0000286	822	601.753349848578	1231.5
FBgn0000221	466	444.548953940385	729.25
FBgn0000250	323	84.5058350368872	222.5
FBgn0000330	1142	2041.4193318268	1942.75
FBgn0000121	397	76.4082642746922	238.25
FBgn0000303	454	73.903152572158	272.5
FBgn0000337	899	831.883761280769	1471.75
FBgn0000370	1083	1102.9163117698	1759.25
FBgn0000279	252	20.8426878481007	50
FBgn0000376	1370	2694.81639054566	2107.5
FBgn0000392	806	877.625093122666	1327.25
FBgn0000414	1178	1657.24345249144	1928.5
FBgn0000449	399	78.7166951133258	243.5
FBgn0000451	462	108.590506056945	346.75
FBgn0000497	1119	2216.98214629279	1940.5
FBgn0000499	890	766.118117975632	1437.5
FBgn0000489	736	449.252148492825	1000
FBgn0000662	1112	1350.68826040825	1830.75
FBgn0001075	947	815.747728937771	1534.25
FBgn0000547	377	56.3265560430723	177.5
FBgn0000658	947	1642.47278776117	1712.25
FBgn0001112	470	142.856328515865	410.5
FBgn0001086	641	356.466805403157	787.5
FBgn0000615	797	71.4058180335427	646.25
FBgn0001206	746	474.716411064538	1034.75
FBgn0001133	496	324.003458421758	643.25
FBgn0001226	197	43.3018631982297	79
FBgn0001227	827	475.625721455024	1173.25
FBgn0001229	787	988.624064020659	1330.5
FBgn0001233	234	48.0419553968377	99.25
FBgn0001234	506	188.669710821776	499.5
FBgn0001248	611	216.02337600425	619.5
FBgn0001253	734	392.640996515694	954.75
FBgn0001301	1186	1686.34655854251	1942.25
FBgn0001217	773	75.9822878324537	615.75
FBgn0001311	1185	1949.74026306353	1971.25
FBgn0001313	1011	886.438240836402	1638.75
FBgn0001291	184	38.7657301899803	67
FBgn0001321	818	898.571677483127	1355.25
FBgn0001961	1123	1898.94517450233	1916
FBgn0001324	711	467.282650214426	966.5
FBgn0002183	918	792.146024661671	1484.75
FBgn0002525	895	580.37930382733	1352
FBgn0002576	1164	2329.7577409563	1988
FBgn0002569	187	12.363245719149	23.25
FBgn0002783	1232	1814.16675380943	1983.5
FBgn0002873	509	207.772335529454	529
FBgn0002909	1300	2709.79748668852	2087.5
FBgn0001320	389	64.701074492816	201.25
FBgn0002940	746	382.610914730956	963.25
FBgn0031844	1030	1014.11486950565	1697
FBgn0002869	434	207.686993603688	469
FBgn0031850	831	455.938699098463	1165.75
FBgn0002862	847	236.986479674501	1000.25
FBgn0002939	457	231.595291142941	526
FBgn0031853	921	244.546241991704	1123.5
FBgn0031856	698	384.022979780218	882.5
FBgn0031861	652	254.075317923331	705
FBgn0031851	920	994.701376234527	1556.25
FBgn0031879	776	524.831181795713	1113.5
FBgn0031878	1054	1253.53324392018	1769
FBgn0031908	1099	1487.73756138176	1835.5
FBgn0031888	1133	1580.62584794605	1882.5
FBgn0031926	542	192.790847042621	530.25
FBgn0031940	1454	3446.6241571403	2148
FBgn0031925	545	123.052599723195	425
FBgn0031859	743	60.1600434399981	526.5
FBgn0031941	801	445.512284688709	1110
FBgn0031942	1238	1886.71835865623	1993
FBgn0031959	1160	1529.71961897343	1896.25
FBgn0031954	888	185.406504087931	997.25
FBgn0032003	1000	514.308104401973	1455
FBgn0031973	701	772.394283670594	1108.75
FBgn0032004	1343	3143.24491576357	2120
FBgn0032039	1162	1111.92458926319	1827.75
FBgn0032061	777	56.5165613760654	576
FBgn0032065	1076	628.607246918118	1583.25
FBgn0032072	844	358.223613993457	1110
FBgn0032090	824	726.463874847027	1297
FBgn0032026	707	521.160105226173	994.5
FBgn0032111	939	302.661290965685	1208.5
FBgn0031971	753	327.28679164473	924.5
FBgn0032143	1329	3092.18684220173	2112
FBgn0032175	776	580.707229565557	1141.5
FBgn0032181	665	367.900696974446	831
FBgn0032192	1232	2076.21276681495	2011.5
FBgn0032213	636	248.247704786657	682.25
FBgn0032217	1060	1010.03945930034	1719.5
FBgn0031974	269	72.1767993172061	166.75
FBgn0032219	745	58.1963162152034	524.75
FBgn0032224	925	858.188042027975	1516
FBgn0032269	715	45.8687724406	441.25
FBgn0032266	1100	1669.35045930794	1865.5
FBgn0032252	729	659.75265153282	1099
FBgn0032276	806	146.008483744277	798.75
FBgn0032312	918	502.086548971202	1340.25
FBgn0032313	1008	1120.96424108948	1700.25
FBgn0032286	293	49.1656566620992	122.75
FBgn0032340	933	758.911021653164	1496
FBgn0032341	630	302.562846411466	726.75
FBgn0032314	822	96.8653690006848	738.5
FBgn0032348	672	684.671290081248	1036.75
FBgn0032362	844	713.812756096496	1329
FBgn0032360	664	16.055153190291	321.5
FBgn0032369	929	755.566821509805	1486.75
FBgn0032370	874	199.274301097103	989.5
FBgn0032372	796	129.695343154064	749.25
FBgn0032374	1022	526.573222769931	1486.75
FBgn0032385	1313	2650.50257479518	2085.75
FBgn0032402	795	421.61401364387	1078.5
FBgn0032409	577	292.941007044657	673.75
FBgn0032414	563	164.961907882643	506
FBgn0032424	951	397.329139186004	1313
FBgn0032430	1184	2152.94179858627	1987.75
FBgn0032433	676	578.519816324536	987.25
FBgn0032444	944	1249.78596002357	1650.75
FBgn0032457	758	67.4092240461809	566.75
FBgn0032464	1012	479.422319559315	1448
FBgn0032478	605	327.4007233038	732
FBgn0032471	740	142.913777344469	680.5
FBgn0032483	525	190.978490516014	515.25
FBgn0032512	857	530.018754476358	1262.5
FBgn0032513	1112	1277.35278483317	1817.25
FBgn0032494	552	433.301514988758	779
FBgn0032515	1180	2653.49910536676	2020.75
FBgn0032519	1179	1419.17185644274	1893
FBgn0032006	120	17.9304462813565	19.5
FBgn0032514	918	821.462071478744	1494.75
FBgn0032520	837	201.838009745493	927.75
FBgn0032525	675	68.8498528199685	447
FBgn0032521	994	1305.64952239542	1721.25
FBgn0032495	376	54.4958421348869	172.25
FBgn0032530	763	285.399717142572	899
FBgn0032538	1307	2819.67798099974	2094
FBgn0032553	944	449.655573024675	1346.75
FBgn0032554	889	239.328132791265	1074.5
FBgn0032563	807	93.9115303867743	712.5
FBgn0032577	881	1125.55475131394	1529.25
FBgn0032588	967	346.644881334201	1281.25
FBgn0032590	799	95.8372437900543	701.5
FBgn0032626	765	132.286888711922	705.5
FBgn0032587	449	180.972588391731	445.75
FBgn0032637	1101	1210.6536465156	1793.5
FBgn0032650	707	38.2056945424755	415
FBgn0032648	722	358.588862397976	896.25
FBgn0032654	799	98.2881504221589	706.5
FBgn0032664	1230	1808.61082041814	1981
FBgn0032613	618	209.555424507332	615.75
FBgn0032684	582	332.744925022551	715.75
FBgn0032677	706	25.4217780537699	387.75
FBgn0032656	543	215.876251744519	564.5
FBgn0032707	1171	2542.92562693986	2008
FBgn0032709	998	604.90019758862	1500.25
FBgn0032721	1233	2014.05212514661	2005.5
FBgn0032535	237	49.5236772351576	104.5
FBgn0032727	1206	2246.32180309691	2009
FBgn0032729	425	100.081573028402	301.25
FBgn0032730	1042	1380.81926839388	1779.25
FBgn0032755	675	27.7865301395983	356.75
FBgn0032768	1039	612.576631083386	1543.75
FBgn0032731	881	995.099432656073	1496.75
FBgn0032769	733	602.600643648415	1083.25
FBgn0032775	1101	1430.24162178419	1831
FBgn0032771	756	102.561411034211	638.5
FBgn0032781	1250	1869.35949989355	1994
FBgn0032803	1223	3199.58946873156	2072
FBgn0032812	734	568.79386219384	1070.25
FBgn0032814	1257	2608.68502033079	2059.5
FBgn0032819	875	652.349077340946	1352
FBgn0032660	410	169.933050617235	401
FBgn0032867	1209	1271.09859898178	1892.5
FBgn0032869	860	112.177977275108	834
FBgn0032878	931	248.419058316586	1148
FBgn0032805	394	106.746444450487	292.5
FBgn0032857	558	143.50854833927	470.5
FBgn0032895	763	727.168002961715	1194.5
FBgn0032877	683	693.723221549198	1054.25
FBgn0032915	1039	1187.66377658893	1741.75
FBgn0032894	631	22.8720846626001	295.25
FBgn0032967	855	534.037399489239	1261
FBgn0032968	954	540.432048276028	1417.5
FBgn0032969	871	283.897561744168	1083.75
FBgn0032925	996	833.888352956184	1598
FBgn0032971	1261	1863.81475393626	1998.75
FBgn0033017	773	411.466614410427	1034.75
FBgn0033020	828	112.060093411751	773.75
FBgn0033038	1035	1638.34838918327	1808.75
FBgn0032505	12	0.483723187887125	2.5
FBgn0033063	757	808.815813025343	1219
FBgn0033056	900	180.048231750339	1010
FBgn0033010	682	292.576752365197	781.5
FBgn0033122	1216	2264.04367517041	2016.25
FBgn0033133	397	60.4577751919149	198.75
FBgn0033155	1013	1234.67902915137	1728
FBgn0033074	575	17.059894354177	239
FBgn0032973	650	476.853542365838	898
FBgn0033160	1181	1607.73283904018	1922.5
FBgn0033067	264	162.353404083059	319
FBgn0033187	1079	1364.40135620478	1808.75
FBgn0033188	926	817.60699922756	1505.75
FBgn0033190	352	58.2568953304688	173
FBgn0033195	754	372.439678212902	967.75
FBgn0033141	673	225.151809108592	699.75
FBgn0033168	798	161.045751311395	803.5
FBgn0033153	206	33.9188590007541	64
FBgn0033233	773	423.630687087195	1042.25
FBgn0033238	818	101.032951644554	739.75
FBgn0033278	756	193.617373406479	777
FBgn0033279	759	51.0047570425493	533.75
FBgn0033283	591	28.0003029865906	270.75
FBgn0033285	820	106.516691928081	750.25
FBgn0033286	750	47.2453912958685	507.25
FBgn0033287	652	19.4728548145229	313
FBgn0033225	496	279.008471322761	599.25
FBgn0033260	866	753.593754742979	1386.75
FBgn0033272	443	181.285239993595	441.75
FBgn0033307	915	528.625094974793	1352.25
FBgn0033322	722	109.597446977859	591.75
FBgn0033323	722	96.8143481601539	569.25
FBgn0033308	1284	2463.66039314385	2063.5
FBgn0033339	1015	942.341872083563	1660.5
FBgn0033354	806	382.935464970607	1067.25
FBgn0033357	360	54.0714464711429	165.25
FBgn0033358	1014	997.832304988462	1676.25
FBgn0033330	827	99.5172181612335	754.25
FBgn0033369	880	273.356496412669	1090
FBgn0033367	758	334.539941515541	937.75
FBgn0033380	1210	2385.7605881432	2024
FBgn0033421	1006	1028.32637078184	1677
FBgn0033426	309	120.689009823632	273.5
FBgn0033391	312	115.375888105862	267.25
FBgn0033431	611	200.497594896358	596.5
FBgn0033438	879	820.26823470347	1434.25
FBgn0033476	741	399.677876746628	970.25
FBgn0033454	869	717.934121293853	1372
FBgn0033491	738	418.59738138932	982.5
FBgn0033542	684	591.725447203301	1003.5
FBgn0033371	826	141.455223454252	820.5
FBgn0033581	874	799.217866791785	1419
FBgn0033498	571	260.995082534681	638.75
FBgn0033584	711	295.289192256891	818
FBgn0033603	615	326.721808313631	739.25
FBgn0033609	1111	1528.98753723174	1850.5
FBgn0033490	713	197.113404965919	706.5
FBgn0033631	1026	975.799619136722	1682.75
FBgn0033610	895	1736.15869307978	1657
FBgn0033638	935	1157.78807251678	1622.75
FBgn0033667	1424	3693.29511918622	2150.5
FBgn0033680	774	256.606996376792	889.5
FBgn0033668	479	154.918238988349	432.75
FBgn0033693	458	139.060195773673	391.5
FBgn0033705	1108	1231.50980346377	1802.5
FBgn0033728	1265	2348.38029421832	2047.5
FBgn0033653	488	178.437998254447	471
FBgn0033730	1005	796.990701531025	1597.75
FBgn0033739	537	542.695834140894	846
FBgn0033740	798	534.870313360617	1162
FBgn0033742	917	722.152832899439	1450.25
FBgn0033752	383	124.452308519472	316
FBgn0033802	990	1039.23778446484	1662
FBgn0033778	507	124.321018494845	402.5
FBgn0033807	666	352.166202327677	813.25
FBgn0033818	857	211.828791325525	980
FBgn0033817	535	268.619792441114	619.75
FBgn0033828	813	956.28594913818	1366.5
FBgn0033819	987	371.820836906369	1333.75
FBgn0033860	1153	935.991813669491	1773.5
FBgn0033862	617	20.1811051820875	278.75
FBgn0033863	757	58.8868215435043	547
FBgn0033864	823	107.070995910974	758.75
FBgn0033859	634	411.416053849606	835.75
FBgn0033814	798	384.056781213677	1054.5
FBgn0033868	607	18.3354553330418	265.75
FBgn0033869	1021	1923.14271532449	1835.75
FBgn0033902	384	103.266076499294	282.5
FBgn0033888	933	272.208212739554	1172.5
FBgn0033952	849	327.185933825404	1093.5
FBgn0033955	835	759.412028188137	1330.75
FBgn0033936	1155	1719.79352897935	1922.5
FBgn0033969	942	381.637927702526	1288
FBgn0033981	1561	5649.33608982947	2173
FBgn0033984	723	465.065609508477	986.25
FBgn0033994	852	794.246331817937	1379.75
FBgn0033998	910	884.947892283516	1506.25
FBgn0034010	1017	1051.26276423161	1694.25
FBgn0034030	911	921.022587212669	1521.75
FBgn0034071	1365	3579.0442579598	2133
FBgn0034082	882	194.732587512002	997.5
FBgn0034031	533	312.131882935774	661.25
FBgn0034099	968	723.993589426173	1520.75
FBgn0034114	943	1652.68640349076	1709.75
FBgn0034105	788	68.3177724347162	621.75
FBgn0034121	706	32.2922703506872	401.25
FBgn0034122	1002	466.926596086193	1426.5
FBgn0034098	189	65.0846640944533	126.25
FBgn0034127	927	338.551385702271	1226.25
FBgn0034129	1284	1986.82417732679	2024.5
FBgn0034118	810	734.00532141734	1279.25
FBgn0034132	715	50.6096233506049	455.25
FBgn0034133	783	442.74767982791	1072.5
FBgn0034144	670	24.1181139211904	345.25
FBgn0034128	629	328.568165086463	753.75
FBgn0034141	761	445.605526579329	1039
FBgn0034173	920	263.913480123079	1143.25
FBgn0034186	1016	1514.89005357066	1772.5
FBgn0034187	533	360.772240179481	703.75
FBgn0034245	463	125.434706738486	375.25
FBgn0033872	293	23.5767117346635	68.25
FBgn0034246	977	803.727174260247	1568.25
FBgn0034223	431	225.506339534318	494.5
FBgn0034253	940	716.907040275441	1482.25
FBgn0034263	1383	3589.66170948412	2138.5
FBgn0034330	110	13.9213502083826	12.75
FBgn0034443	370	82.3820348416026	237
FBgn0034435	886	154.317123776833	948.75
FBgn0034205	701	393.921762304259	896.25
FBgn0034459	911	254.305448483921	1118.75
FBgn0034461	854	402.048103576249	1166.75
FBgn0034464	820	87.0137084245511	718.75
FBgn0034447	734	437.358736503887	986.25
FBgn0034467	885	211.877435228213	1028.25
FBgn0034471	733	766.021877558789	1162.25
FBgn0034475	1450	4040.3855045304	2157.25
FBgn0034477	1318	2653.79099252353	2088.75
FBgn0034483	1039	583.047586383082	1528.25
FBgn0034488	762	386.027039134236	995
FBgn0034499	1189	2095.38887624346	1988
FBgn0034520	190	57.4751931128433	111
FBgn0034546	732	58.9583912604695	503.75
FBgn0034560	938	228.343889778615	1134
FBgn0034566	1202	2656.40843143849	2036.75
FBgn0034592	690	138.394142395877	591.75
FBgn0034521	477	373.640263434662	678.75
FBgn0034601	753	62.603047829542	548
FBgn0034583	723	291.608451850341	836.25
FBgn0034641	991	887.953230299754	1616.75
FBgn0034645	366	38.6276322530846	134
FBgn0034651	1047	680.445202820883	1582
FBgn0034647	303	148.127642871595	316.5
FBgn0034657	971	974.720242808976	1619.5
FBgn0034693	881	1016.97080957013	1505.25
FBgn0034420	427	116.155360975721	326.75
FBgn0034709	965	739.74650615117	1524.25
FBgn0034718	680	247.762010330791	734.75
FBgn0034687	497	207.148763431239	515.25
FBgn0034737	905	706.929095416421	1426.75
FBgn0034728	653	1254.92056381511	1190.5
FBgn0034745	666	314.317413540939	782.25
FBgn0034727	896	1270.23785806684	1587.25
FBgn0034793	426	261.524526032178	531
FBgn0034800	566	662.682765056974	921
FBgn0034808	957	1507.55286068096	1702.5
FBgn0034658	629	20.3254234673269	289.25
FBgn0034816	1230	1754.09649480422	1976
FBgn0034824	826	89.2975141012773	735.5
FBgn0034825	835	142.220738836735	836.75
FBgn0034826	1152	918.844395591625	1766.5
FBgn0034786	866	481.44202685483	1248.25
FBgn0034827	855	246.776962760204	1021
FBgn0034835	732	83.6242822148333	562.25
FBgn0034840	668	26.7238016971001	345.75
FBgn0034841	854	199.191902590609	955.25
FBgn0034842	886	266.189375979922	1094.75
FBgn0034828	835	470.144809858692	1180.75
FBgn0034846	763	611.619773203756	1137.5
FBgn0034856	427	73.8121971932519	250.75
FBgn0034844	800	85.8113793062762	688.5
FBgn0034887	809	452.834664192173	1126.5
FBgn0034882	747	52.6057476236662	516.25
FBgn0034866	579	406.572356586438	783
FBgn0034897	499	150.507811666047	439
FBgn0034915	1015	1060.0025052961	1694
FBgn0034863	675	773.845188003432	1083
FBgn0034939	1020	1576.72160579907	1788
FBgn0034950	899	1560.65061627391	1632.75
FBgn0034923	731	465.846610738135	998
FBgn0034957	789	523.320189556028	1135.25
FBgn0034907	784	57.5219536442967	589.5
FBgn0034970	1002	872.636458035091	1620.5
FBgn0034974	1474	6325.61782508181	2166.5
FBgn0034975	688	388.441710731691	880.75
FBgn0034982	997	1001.88499811151	1658.25
FBgn0034998	765	61.5232547960896	569
FBgn0035003	1110	1082.30702909317	1773.25
FBgn0035004	950	310.62729829513	1232.5
FBgn0035005	751	71.1321468690436	567.25
FBgn0035007	1130	868.257890075815	1729.5
FBgn0035008	1038	597.145724660845	1533.75
FBgn0035021	1171	1648.617017585	1923
FBgn0035022	1373	2972.92117176009	2119.75
FBgn0035076	444	81.5296734877411	280
FBgn0035087	178	23.638549665536	36.5
FBgn0035047	1423	3005.24006303842	2131.75
FBgn0035124	1013	505.713010280142	1464
FBgn0035143	848	468.800208776421	1209.25
FBgn0034985	590	303.072710627165	694
FBgn0035099	842	449.644897391008	1182.75
FBgn0035111	574	298.241075733733	676
FBgn0035162	971	836.866853990581	1569.5
FBgn0035161	950	456.308379985339	1358
FBgn0035192	682	510.489867520229	960
FBgn0035196	734	36.0302384582505	459.75
FBgn0035207	1196	2321.01942557351	2009
FBgn0035227	800	438.539307286204	1101.5
FBgn0035234	506	365.793341300979	692
FBgn0035245	1405	3232.73087003061	2138
FBgn0035218	730	54.3831773970953	485.25
FBgn0035262	429	313.514710500826	585.5
FBgn0035263	1332	2405.18148922544	2078
FBgn0035265	1111	898.254688095377	1723.5
FBgn0035228	591	384.19448115785	774.75
FBgn0035280	1044	1069.15272747767	1721
FBgn0035273	1115	2056.66643210214	1923
FBgn0035281	1093	1556.14877917792	1839.5
FBgn0035293	1033	924.147443589618	1672.25
FBgn0035283	875	1474.82583023383	1579
FBgn0035299	1267	2208.39528955379	2036.75
FBgn0035308	1142	2358.18015753844	1968.25
FBgn0035321	554	159.397808763692	491.75
FBgn0035380	1030	634.858887286986	1547.5
FBgn0035372	663	292.430248291692	754.25
FBgn0035335	341	54.6453597815223	156.75
FBgn0035398	1122	2379.9715915116	1956.5
FBgn0035425	1264	3075.87762932951	2086.5
FBgn0035427	843	459.454314649173	1193
FBgn0035430	1395	3104.15404452368	2131.5
FBgn0035455	1156	1581.548993108	1901.75
FBgn0035464	1269	2627.84783799784	2067.25
FBgn0035384	681	35.5656223397891	379.75
FBgn0035490	668	282.084685897988	752.75
FBgn0035409	354	55.1696679558599	166
FBgn0035495	502	124.091317636713	394.5
FBgn0035496	572	183.41015185487	540.75
FBgn0035491	1120	901.965540477901	1735.25
FBgn0035501	918	801.967522329871	1489.25
FBgn0035510	1159	2041.34973258884	1960.5
FBgn0035480	486	292.941855805117	607.75
FBgn0035519	1321	3621.01790918693	2121
FBgn0035521	432	112.664807548452	324.25
FBgn0035523	827	498.251938692059	1186.75
FBgn0035539	813	568.543621443256	1203
FBgn0035544	1146	2611.12966858875	1989.25
FBgn0035545	1233	2418.28762408048	2039
FBgn0035546	1144	2241.92667461426	1961.75
FBgn0035548	1477	5054.04206030109	2165.75
FBgn0035568	820	132.59573692364	795.25
FBgn0035553	1355	3176.13252305245	2123.5
FBgn0035585	786	822.7257876989	1272.25
FBgn0035598	1051	584.950131766098	1538.5
FBgn0035657	866	177.175804290141	945.25
FBgn0035679	783	468.411684754598	1092.5
FBgn0035709	1004	419.454072716369	1395.5
FBgn0035713	1230	2196.88482002809	2017.5
FBgn0035724	726	106.50521713548	590
FBgn0035776	935	219.377907456494	1116.25
FBgn0035730	793	688.421377583741	1226.5
FBgn0035782	1072	898.42155855073	1694.5
FBgn0035786	1154	1054.90556746764	1808.75
FBgn0035800	1088	787.469228385736	1665.5
FBgn0035817	463	79.7988745320871	294.25
FBgn0035823	1059	560.946072851143	1535.75
FBgn0035844	1270	2049.74471853772	2026.5
FBgn0035753	238	27.0176157598293	57
FBgn0035867	730	452.153860320492	986.75
FBgn0035845	842	528.099443968802	1233.25
FBgn0035873	656	231.488227158262	687
FBgn0035915	927	235.368827826904	1125.25
FBgn0035880	827	623.379817144509	1254.25
FBgn0035921	234	34.9540425776509	70.25
FBgn0035924	800	126.608979859655	757.5
FBgn0035952	652	324.032648348771	773.5
FBgn0035971	1008	414.410027080929	1397.25
FBgn0035988	964	285.729942154112	1222.5
FBgn0035969	433	122.850788467778	340.5
FBgn0036015	474	177.427519441198	461.25
FBgn0035968	732	665.657239374785	1108.75
FBgn0036014	1261	1732.09524660406	1988.25
FBgn0035977	580	298.773271964711	681
FBgn0036022	714	307.111801219262	833.75
FBgn0036038	1149	1601.28771225731	1897.75
FBgn0036029	1030	526.583543181111	1492.5
FBgn0036075	1038	587.358701221453	1527.75
FBgn0036058	1069	1641.50348731724	1836.75
FBgn0036082	663	31.5756545557693	346.75
FBgn0036043	291	36.0330962187411	92.5
FBgn0036125	868	224.834087832791	1018.5
FBgn0036156	1025	764.085151065442	1605
FBgn0036159	890	321.273094145346	1156.5
FBgn0036160	868	222.751084408654	1013.5
FBgn0036118	371	58.4204142077935	182.25
FBgn0036169	345	46.7080345968252	140.5
FBgn0036141	887	613.16745646125	1355.25
FBgn0036162	709	55.715650317271	456.5
FBgn0036170	345	46.7080345968252	140.5
FBgn0036187	789	536.150193130204	1148.25
FBgn0036204	850	258.93087199084	1027.5
FBgn0036208	652	314.847595397004	766.5
FBgn0036214	838	599.685856346529	1261
FBgn0036217	843	229.758986056681	982
FBgn0036218	744	101.856736806853	617.75
FBgn0036222	1046	682.83344453281	1583.5
FBgn0036101	273	207.423131683965	387.5
FBgn0036285	191	43.5890702702836	78.75
FBgn0036289	232	37.5092305690933	73.75
FBgn0036246	802	141.029301883694	782
FBgn0036310	822	176.732334978587	863
FBgn0036290	991	905.5290007634	1621.75
FBgn0036311	823	88.5675256403708	727.75
FBgn0036323	831	595.156995578039	1245.75
FBgn0036325	1143	1961.84132567058	1936.25
FBgn0036329	853	128.649658350677	849
FBgn0036345	618	34.3655249076366	307.25
FBgn0036346	1216	1738.93419772298	1968.25
FBgn0036403	927	633.642202198297	1423.75
FBgn0036381	261	315.523917342277	502.75
FBgn0036415	860	141.910563866805	884
FBgn0036426	1240	1579.66428893374	1954.25
FBgn0036437	1386	2932.86609650936	2121
FBgn0036438	846	119.795314558538	823.75
FBgn0036441	1086	745.137858630546	1645.5
FBgn0036168	486	128.726434358465	393.25
FBgn0036443	1308	2404.77953889168	2068.5
FBgn0036417	504	181.543850235514	488.75
FBgn0036446	940	1145.27465760966	1624.25
FBgn0036465	739	66.724712045871	534.75
FBgn0036474	776	504.382113636208	1102.5
FBgn0036482	1106	1357.14028451282	1825.5
FBgn0036490	1180	1484.44260765103	1903.75
FBgn0036497	1255	1788.22765778079	1991.75
FBgn0036505	1522	4382.83994003232	2167
FBgn0036551	308	56.416268490234	145.5
FBgn0036585	818	1119.46912906931	1414.75
FBgn0036589	528	176.662476729456	497
FBgn0036590	1131	2008.67513041304	1933.5
FBgn0036567	587	237.917868993891	629.5
FBgn0036568	922	755.678551330175	1476.75
FBgn0036597	1446	4294.43876019476	2158
FBgn0036599	1191	2658.35067089103	2031.5
FBgn0036608	1364	2437.74159212914	2087.5
FBgn0036619	415	73.3488761193179	241.75
FBgn0036607	587	226.005208736904	613
FBgn0036609	1006	415.35309261414	1395.5
FBgn0036449	189	36.8013687343891	65.25
FBgn0036652	1271	1867.18118071921	2004.75
FBgn0036624	894	639.169106646356	1381.25
FBgn0036671	477	304.811320826468	613.25
FBgn0036687	709	158.685691718147	649
FBgn0036695	1169	1946.98352711477	1957.75
FBgn0036703	817	182.224440821371	863.75
FBgn0036704	347	187.642301505013	394.25
FBgn0036706	843	183.343453586087	916.5
FBgn0036729	778	145.875273956032	748.25
FBgn0036620	576	189.229088032544	549.5
FBgn0036728	504	121.088641694013	393.75
FBgn0036714	316	57.9540358280167	154
FBgn0036751	302	174.119014674611	352.5
FBgn0036757	778	845.93834245079	1266.75
FBgn0036769	714	352.883324194668	873.25
FBgn0036784	930	285.39162693452	1180
FBgn0036785	774	55.0441903456489	565
FBgn0036773	1334	2734.83724680436	2102.75
FBgn0036807	809	541.047274385129	1186
FBgn0036805	570	235.277056230702	611.5
FBgn0036828	1123	1556.19045832566	1869.5
FBgn0036808	906	987.421387158893	1534.75
FBgn0036881	1042	1282.80607303516	1763.75
FBgn0036895	858	132.144175645316	865.75
FBgn0036900	505	178.14536833104	483
FBgn0036919	712	382.325810218698	901.75
FBgn0036925	618	737.491486679383	1003.25
FBgn0036926	262	29.5104032056981	66.5
FBgn0036905	652	21.0241248525878	316
FBgn0036931	559	466.583929058083	810.25
FBgn0036958	833	573.533433350973	1236.75
FBgn0036941	777	503.838015371266	1104.5
FBgn0036980	987	1060.1270779878	1662.75
FBgn0036985	1487	4823.27128846134	2167.5
FBgn0037010	1407	3592.6449464423	2145.5
FBgn0037021	959	1019.80527122592	1619.25
FBgn0036939	270	194.613788401974	368.75
FBgn0036996	191	35.0803794639642	63.75
FBgn0037035	823	1143.74172126374	1428.75
FBgn0037037	796	124.13613876149	739.25
FBgn0037040	794	109.620433332241	714.5
FBgn0037064	834	167.971880629797	872.5
FBgn0037059	780	528.884189482498	1126.5
FBgn0037106	830	478.864639538557	1181.5
FBgn0037101	752	47.0830139551304	511.5
FBgn0037137	651	640.23957369962	986.75
FBgn0037147	817	83.5060120989108	704.25
FBgn0037170	1149	1593.71715724541	1896.75
FBgn0037172	1035	781.030352166462	1622.25
FBgn0037135	797	402.932096643243	1069.25
FBgn0037191	847	211.864524542812	964.75
FBgn0037169	657	420.300732217145	868.25
FBgn0037206	1354	2667.60238617886	2102
FBgn0037225	865	511.353016730206	1263.5
FBgn0037230	677	378.660882484633	857
FBgn0037248	737	303.62245533777	873
FBgn0037288	822	502.719656754824	1177.5
FBgn0037297	1477	4017.73261876991	2158.75
FBgn0037320	1305	2309.62408708569	2058.5
FBgn0037325	835	373.66661228269	1104.75
FBgn0037372	829	642.645886811744	1265.5
FBgn0037385	1143	1169.05648621193	1823.25
FBgn0037371	759	892.216591079398	1254.25
FBgn0037388	731	114.701074686038	610
FBgn0037398	738	619.7706841307	1102.5
FBgn0037415	660	224.144882657048	678.5
FBgn0037416	1325	2710.65414126842	2096.25
FBgn0037455	1102	927.216144445271	1727
FBgn0037456	979	443.943195781164	1381.25
FBgn0037460	665	30.6106147286713	346.5
FBgn0037461	933	268.109034232398	1168.5
FBgn0037419	1039	1087.07833159485	1720.25
FBgn0037420	562	182.745155055212	531.75
FBgn0037463	720	43.2489847825602	444.5
FBgn0037483	988	448.023976671429	1396.75
FBgn0037464	426	264.340415254192	534
FBgn0037486	1009	417.799356392287	1401.75
FBgn0037500	408	32.7407657083266	144.5
FBgn0037515	526	164.95397317434	479
FBgn0037478	736	513.019491313257	1042
FBgn0037502	1171	1715.31920711234	1933.5
FBgn0037518	720	703.871168389944	1105.5
FBgn0037530	1199	1647.24001756424	1941.5
FBgn0037571	990	1255.42436977757	1707
FBgn0037573	974	777.32789889659	1554.5
FBgn0037506	746	56.3017459650185	521.25
FBgn0037592	1134	1537.47454344372	1874.5
FBgn0037536	968	1667.29481724148	1741.75
FBgn0037644	638	224.738921016714	654
FBgn0037616	752	93.398574631382	616
FBgn0037635	937	861.449545954973	1538.75
FBgn0037653	432	196.129791406792	452.25
FBgn0037664	933	242.813193937823	1142
FBgn0037697	755	408.5771271598	1002
FBgn0037030	313	72.6924950289202	190.5
FBgn0037707	1527	4532.7906220849	2168
FBgn0037826	739	228.982365810694	801.25
FBgn0037828	825	101.375291508775	753.75
FBgn0037163	110	15.7513023452873	15.75
FBgn0037758	726	748.986217668006	1140
FBgn0037796	686	354.599508742494	841.75
FBgn0037835	366	53.608242391008	167
FBgn0037838	653	322.018859294122	773
FBgn0037829	877	193.64329268666	989.5
FBgn0037860	898	172.662263394566	994.75
FBgn0037855	650	354.376446068398	795
FBgn0037890	747	520.148895431268	1062.75
FBgn0037834	455	353.158540735991	641
FBgn0037896	901	566.268945004508	1354.5
FBgn0037912	680	360.351402721311	840.75
FBgn0037862	925	223.520552133356	1103
FBgn0037913	595	280.329533962739	677
FBgn0037877	583	1013.29761324587	1070.25
FBgn0037915	1025	1013.41952668607	1692.5
FBgn0037926	615	234.879189152759	648.25
FBgn0037924	415	216.16487816892	470.75
FBgn0037933	705	706.265161744969	1081
FBgn0037944	1038	912.83659873864	1669.75
FBgn0037939	775	65.3614373796369	589.75
FBgn0037986	817	200.452029515609	887.75
FBgn0037987	786	69.8505326644186	621.75
FBgn0037994	917	272.641418582218	1145.25
FBgn0038000	840	529.423344119451	1231
FBgn0037970	478	201.612803275424	497.5
FBgn0038008	818	395.982903281129	1095.75
FBgn0037972	947	836.929765625347	1541.75
FBgn0038018	958	395.762290695435	1320.25
FBgn0038016	648	347.894164102587	786.5
FBgn0038078	1118	1870.85222096802	1904.25
FBgn0038049	985	976.551630743789	1637.25
FBgn0038097	874	215.620168545938	1012.5
FBgn0038123	1329	3070.27023066627	2110.5
FBgn0038126	1218	2291.92442374279	2020.25
FBgn0038095	679	456.23870220474	921.25
FBgn0038039	381	179.119094741406	398
FBgn0038129	856	551.860381273084	1273.75
FBgn0038130	955	962.615416833902	1594.75
FBgn0038127	922	259.378729883933	1143.25
FBgn0038149	668	285.04666472796	755.25
FBgn0038163	877	151.626920920615	931
FBgn0038180	607	508.854749722141	874.75
FBgn0038108	598	403.150075698601	796.5
FBgn0038200	1025	438.650659172372	1429.5
FBgn0038208	799	66.1416819214797	637
FBgn0038209	1017	545.08669654338	1495.25
FBgn0038210	753	69.4828358286353	565
FBgn0038145	547	253.928393145744	612.75
FBgn0038179	581	191.713369969785	557.25
FBgn0038213	992	1222.1428031175	1701.5
FBgn0038225	1008	483.74809220156	1448.25
FBgn0038248	733	62.9950136115819	516.25
FBgn0038258	753	574.145793751252	1102
FBgn0038266	1116	1257.39918689312	1818.75
FBgn0038168	654	454.612213603863	889
FBgn0038280	837	156.135529391115	862.75
FBgn0038201	353	142.555302008732	335
FBgn0038316	1423	4585.25998373351	2158.25
FBgn0038320	542	230.542084121547	584.75
FBgn0038321	888	1149.88246764829	1548.25
FBgn0038337	607	386.637555454636	789.25
FBgn0038345	863	488.424370488743	1250.75
FBgn0038355	936	270.707357650325	1176
FBgn0038359	741	57.9614796705638	519.25
FBgn0038361	993	1337.43928753737	1724.75
FBgn0038373	910	343.852741169293	1201.25
FBgn0038218	702	309.478885753068	818
FBgn0038343	561	243.610041568118	611.5
FBgn0038381	844	643.377424437278	1297.5
FBgn0038385	1020	1534.32380683028	1781
FBgn0038398	976	714.324103159683	1525.25
FBgn0038405	995	1049.52281923908	1669
FBgn0038377	832	306.131343823025	1036.5
FBgn0038418	351	127.89697745301	307.25
FBgn0038423	875	219.871525182394	1022
FBgn0038432	724	436.430638206871	966
FBgn0038412	708	707.355892384008	1089.5
FBgn0038448	1052	1133.46961013485	1740.5
FBgn0038445	912	433.782064562124	1283
FBgn0038458	1113	1978.04691280846	1912
FBgn0038460	739	334.130326517246	906.25
FBgn0038486	771	142.386012385401	729.25
FBgn0038491	994	2037.10998520469	1814.75
FBgn0038511	887	1350.63184186795	1584.25
FBgn0038525	1001	875.826547946557	1620.25
FBgn0038539	877	173.648256276634	960.5
FBgn0038558	540	350.433619447778	700.25
FBgn0038565	964	527.898778546286	1418
FBgn0038578	862	931.346433858556	1447.75
FBgn0038589	317	43.7248057401436	121.25
FBgn0038466	130	19.3268468636354	21.5
FBgn0038567	1357	3121.02453559883	2121
FBgn0038598	1050	676.160903068883	1581
FBgn0038617	704	1025.85375835157	1200
FBgn0038595	232	92.2387369064135	197.25
FBgn0038607	1119	1115.02662175853	1792
FBgn0038541	558	142.174717855571	467
FBgn0038629	541	483.26245056412	812
FBgn0038632	1126	1328.70688427791	1843
FBgn0038630	878	159.096420357794	943
FBgn0038638	500	251.491725460837	575.75
FBgn0038655	999	402.388020097596	1377.25
FBgn0038694	926	244.677184257689	1131.25
FBgn0038697	768	61.0001623628735	572
FBgn0038706	639	15.5986976877191	291
FBgn0038708	795	80.4888562786922	661
FBgn0038720	1138	1493.92210553727	1871.75
FBgn0038590	308	39.6726853141416	107
FBgn0038682	609	435.245910565088	826.25
FBgn0038722	694	377.169453621484	872.75
FBgn0038733	642	456.638933615952	874.25
FBgn0038760	1053	1290.13127480088	1774.5
FBgn0038690	461	140.754203285568	395.25
FBgn0038709	758	56.4949329864307	543.25
FBgn0038818	403	125.907811700989	330.25
FBgn0038819	658	307.405083628451	766.5
FBgn0038768	846	812.374482257391	1377.25
FBgn0038820	875	508.977804308586	1279
FBgn0038829	798	511.081949951074	1146
FBgn0038797	792	80.514694107612	657
FBgn0038892	883	337.001357794344	1156.5
FBgn0038915	1108	1368.45434923493	1828
FBgn0038921	826	304.326367681604	1023.5
FBgn0038934	969	423.398870815767	1355.75
FBgn0038846	285	76.6342577580072	185
FBgn0038944	688	35.7911949101256	388.25
FBgn0038832	709	311.291307941448	833.5
FBgn0038950	798	701.77361494603	1240
FBgn0038958	994	1164.11285483076	1693.25
FBgn0038952	1008	889.054043913504	1637.25
FBgn0038964	875	535.711445891214	1298.5
FBgn0038965	1196	2369.07383647386	2012.5
FBgn0038978	549	149.099469571169	473.75
FBgn0038966	1450	4605.70464166786	2161.75
FBgn0038968	440	195.228685024449	457.5
FBgn0038979	760	52.7725599844407	538.5
FBgn0038983	886	721.922648979359	1404.25
FBgn0039013	624	465.798376819791	863.5
FBgn0039010	885	298.463459842619	1122.25
FBgn0039070	985	552.216760010661	1461.25
FBgn0039071	700	24.1663548224	375.5
FBgn0039083	1158	1760.05952742599	1930.5
FBgn0039088	706	26.8487798674865	389.75
FBgn0039085	102	95.6302634869176	181.5
FBgn0039027	963	1103.14994964843	1640
FBgn0039099	281	97.9237083098665	225.5
FBgn0039109	587	625.827257531829	923
FBgn0039104	749	57.3721868108363	527.25
FBgn0039084	268	91.0579331787641	207
FBgn0039147	981	1630.62346973155	1750.75
FBgn0039151	946	671.306265312474	1468
FBgn0039155	822	469.790247127155	1157
FBgn0039131	216	29.6435432243999	55.25
FBgn0039145	487	179.632622550085	472.5
FBgn0039161	444	104.655063370918	323
FBgn0039183	1004	893.942572260965	1633
FBgn0039169	842	844.410905743958	1377.75
FBgn0039215	978	798.41896884433	1567.75
FBgn0039227	549	290.028086326847	649.25
FBgn0039234	767	455.04338483762	1057.75
FBgn0039192	715	83.5337828869064	530.75
FBgn0039244	1282	3691.71723487932	2107.75
FBgn0039235	651	687.772347635166	1009.25
FBgn0039241	254	46.4962583426603	99.5
FBgn0039273	610	367.577992605597	774
FBgn0039272	666	256.565825380105	723.75
FBgn0039293	1143	2251.68576704116	1961.25
FBgn0039274	544	385.01610181588	739
FBgn0039297	1292	3541.5665697918	2109
FBgn0039302	937	757.080332738894	1501.75
FBgn0039217	168	32.8410216362624	53
FBgn0039308	883	741.241341742166	1408.25
FBgn0039309	883	741.241341742166	1408.25
FBgn0039306	1184	2316.80633870181	1999.25
FBgn0039311	527	362.267771697457	703
FBgn0039246	703	55.656143104873	444.5
FBgn0039331	807	364.393272182513	1051.5
FBgn0039343	914	220.11003055112	1081.25
FBgn0039366	764	47.2823354477874	534
FBgn0039367	764	47.2823354477874	534
FBgn0039369	1075	777.861378818767	1652.75
FBgn0039321	729	759.905366753093	1149.5
FBgn0039370	1242	1705.2513638011	1976
FBgn0039371	1161	1167.36786246322	1841
FBgn0039373	631	12.0916380835948	281.75
FBgn0039374	771	67.7838470921725	589
FBgn0039395	841	131.927384168234	833.25
FBgn0039398	796	85.5876095052539	676.75
FBgn0039425	884	206.0843167446	1015
FBgn0039435	1339	2638.25380174949	2094.5
FBgn0039451	1067	1460.41284076804	1810
FBgn0003089	1131	1522.11335628937	1871
FBgn0003149	347	83.6577414593211	231.25
FBgn0003132	885	406.988998994031	1225.75
FBgn0003162	1034	1334.70113492009	1766.5
FBgn0003187	1177	1221.98367813402	1859.5
FBgn0003279	395	75.2074687288611	235
FBgn0003278	461	191.078052752793	471.25
FBgn0003295	1054	1245.77470560538	1767
FBgn0003328	928	1046.72243286251	1585
FBgn0003257	420	136.219721982514	355.25
FBgn0003330	1105	1463.27635712869	1838.5
FBgn0003366	621	196.877861773454	599.75
FBgn0003334	783	722.761343064491	1226.5
FBgn0003447	856	616.953470803675	1304.25
FBgn0003464	1203	1951.03895229429	1982.5
FBgn0003517	444	107.853551388806	329.5
FBgn0003502	457	170.047501352452	437
FBgn0003520	1080	1521.54940583129	1828
FBgn0003545	1054	1437.36706405638	1797
FBgn0003559	1146	1879.8989997042	1929.25
FBgn0003598	777	401.754993135939	1031
FBgn0003676	640	290.259424748462	724.75
FBgn0003716	1122	1214.99914952459	1814
FBgn0003861	472	420.675885149444	719
FBgn0003882	1008	1934.1124426971	1821.75
FBgn0003748	436	231.096352480627	506.25
FBgn0003889	985	391.693246816896	1350.25
FBgn0003721	396	67.8163965653626	214
FBgn0003891	796	481.339658943344	1123.75
FBgn0003950	633	352.958570502462	777.25
FBgn0003575	324	62.829735583358	170
FBgn0003886	786	765.669824358836	1251.25
FBgn0003887	261	125.124138271385	259.75
FBgn0003997	1328	3246.74863502901	2116.75
FBgn0004050	913	1002.79118278265	1547.5
FBgn0004052	1062	1690.79130065619	1842.75
FBgn0004171	813	76.9433443453731	688.5
FBgn0004172	910	369.697051013622	1229.5
FBgn0004173	898	277.722633676492	1124.75
FBgn0004174	728	86.4652914149776	561
FBgn0004169	646	245.885464326747	686.75
FBgn0004368	838	871.772056849529	1377.5
FBgn0004179	358	41.4974081489694	137
FBgn0004419	1019	924.113176531806	1661
FBgn0004556	1090	1429.4886308916	1821.5
FBgn0004516	327	28.0901453498865	97.5
FBgn0004577	1171	1764.03534921336	1942.5
FBgn0004587	1040	1312.01714009362	1769.25
FBgn0004598	731	377.100476759109	928
FBgn0004611	1101	2142.07813475666	1918
FBgn0004580	368	44.417578978174	146.5
FBgn0004636	460	293.330550152126	591.5
FBgn0004643	668	302.803650027543	772.75
FBgn0004620	611	237.068719177822	649.5
FBgn0004657	738	579.913712061242	1078.5
FBgn0004644	216	148.840604006512	287.75
FBgn0004618	681	613.360780393009	1013.25
FBgn0004698	616	184.25183769251	578.75
FBgn0004777	722	861.484605642343	1175.25
FBgn0004780	1521	3989.69553194194	2162.5
FBgn0004782	1323	2536.45426680519	2081
FBgn0004783	1483	3926.36076238986	2159
FBgn0004854	1233	2235.83827396447	2024.5
FBgn0004860	780	724.503687965286	1222.5
FBgn0004175	743	41.536240470855	484
FBgn0004861	447	190.9341734082	457.5
FBgn0005355	902	749.008765852889	1445.5
FBgn0005616	1062	1114.35108223485	1746.75
FBgn0005664	1372	2758.97685672712	2113
FBgn0005674	638	235.423570847817	670
FBgn0039480	1331	2495.64827436956	2083
FBgn0005612	963	639.905066285797	1473.5
FBgn0039491	974	361.951160820844	1308
FBgn0039492	582	473.705412926573	833.25
FBgn0039498	998	879.324663367665	1618.25
FBgn0039501	915	213.43589821396	1073.75
FBgn0039481	1240	2136.56706780914	2018.75
FBgn0039518	1076	662.955933960608	1598.75
FBgn0039544	934	894.491427753652	1551.25
FBgn0039503	521	274.090783166944	614.5
FBgn0039558	1123	2342.3165674376	1955.5
FBgn0039576	1116	918.537412177909	1733.75
FBgn0039577	919	322.617987152492	1198.25
FBgn0039600	1082	1899.5782859114	1881.75
FBgn0039609	1049	1026.26738937632	1715
FBgn0039613	731	530.473942769032	1041
FBgn0039622	892	712.069179723558	1411
FBgn0039628	770	568.413705439994	1127.25
FBgn0005771	308	107.281728714025	252
FBgn0039632	650	780.003538617532	1052
FBgn0039630	865	697.650961304778	1356
FBgn0039636	1184	2124.84504596667	1984.75
FBgn0039637	1309	2710.34349989137	2091.5
FBgn0039638	705	593.884889966123	1027
FBgn0039669	1117	2519.0038250224	1959.25
FBgn0039686	1073	1287.0760864364	1789.5
FBgn0039694	1185	1610.09893896827	1927.75
FBgn0039703	727	402.155143507197	945.75
FBgn0039707	1007	408.469902604556	1390.5
FBgn0039656	237	46.3448871615544	94
FBgn0039709	1253	2462.52194073128	2049.25
FBgn0039714	966	1500.18266182842	1711.75
FBgn0039722	745	1065.88377656722	1280.75
FBgn0039728	1190	1774.70355053065	1956.5
FBgn0039737	241	70.909287482745	154.75
FBgn0039748	677	356.083130995283	834
FBgn0039758	402	194.488367427848	430.5
FBgn0039749	441	116.84001548054	338
FBgn0039752	922	729.489734147793	1464.25
FBgn0039788	941	904.220452461979	1561.75
FBgn0039792	813	108.314367396569	746
FBgn0039796	837	101.83213208896	775.75
FBgn0039759	599	410.482297831601	802.75
FBgn0039767	833	489.588887188843	1194.75
FBgn0039805	1259	2048.14387535262	2020.5
FBgn0039809	337	62.8119016993613	174.5
FBgn0039858	796	504.585356255834	1137.75
FBgn0039914	964	1114.17775629757	1644
FBgn0039856	167	25.6498754422828	38
FBgn0039955	1073	1081.85181946605	1746
FBgn0039797	881	142.304232637177	920.75
FBgn0040271	701	470.307544168562	953.25
FBgn0040074	424	68.7045390542799	232.75
FBgn0040323	1061	1207.5392114608	1764.5
FBgn0039972	522	255.998403883861	597.5
FBgn0040343	1001	882.006563345357	1622.25
FBgn0040351	907	590.192268217038	1371.75
FBgn0040038	848	133.827767239638	852.75
FBgn0040356	1119	1685.16178774016	1886
FBgn0040368	1330	2499.7295505023	2083
FBgn0040382	1336	2558.49015806579	2090
FBgn0040496	844	792.161735696737	1367
FBgn0040371	673	30.3042790878004	358.75
FBgn0040508	1093	1012.88268757559	1742.5
FBgn0040534	270	48.0471017154357	112.25
FBgn0040502	764	722.16111313421	1194.25
FBgn0040601	271	70.8449308875685	164.5
FBgn0040575	405	72.3209831119922	233.5
FBgn0040608	484	100.060721866195	346
FBgn0040629	617	221.678904254933	631.25
FBgn0040252	270	131.497951987971	273.75
FBgn0040519	832	98.7618376939365	762
FBgn0040637	1325	2710.92945563853	2096.75
FBgn0040688	958	932.856179161098	1591.25
FBgn0040679	870	348.900765049899	1143.75
FBgn0040699	1083	1717.59970883663	1862.25
FBgn0040773	455	82.3899039727968	291.5
FBgn0040793	415	71.7341958888361	237.25
FBgn0040747	647	162.353780382835	574
FBgn0040794	1223	2430.71644469186	2033
FBgn0040812	1126	1157.88590124114	1810
FBgn0040817	1136	1216.17114389781	1827.25
FBgn0040816	655	136.456088492337	545.75
FBgn0040843	1087	1245.03058568045	1791
FBgn0040859	915	307.063054798588	1176.75
FBgn0040923	566	219.493979534188	585.5
FBgn0040904	862	304.950214378566	1091.75
FBgn0040931	286	33.0523668197907	86
FBgn0040877	517	152.350564883348	459
FBgn0040963	782	63.4612456845174	600.5
FBgn0040992	750	326.243050859471	915.5
FBgn0040996	1059	680.191154841823	1591.75
FBgn0041094	1361	3130.88852111828	2123
FBgn0040942	506	521.820078863042	807.5
FBgn0040972	137	24.7599716214305	34
FBgn0041184	204	89.1027052398176	188.5
FBgn0041181	778	744.809834458773	1228.25
FBgn0041627	791	614.571246965617	1187
FBgn0041712	857	598.495272570409	1296.5
FBgn0041205	956	2156.7001997716	1780.75
FBgn0042085	982	850.519825795297	1588
FBgn0042094	1212	2890.97297110403	2053.5
FBgn0042125	790	608.001719539721	1181
FBgn0042127	502	189.581088793748	495
FBgn0042179	1249	2289.5864839297	2033
FBgn0042189	623	14.2073305027751	275.75
FBgn0042182	750	367.190653514854	954
FBgn0042198	1022	655.360865342233	1550.75
FBgn0042201	1152	1427.40054843333	1873.5
FBgn0042641	519	178.347799854437	493.5
FBgn0042205	976	1988.51831344518	1790.25
FBgn0042710	765	59.6490729489412	565
FBgn0041188	344	152.2590223526	343.5
FBgn0043364	183	49.8079573692529	93
FBgn0043069	1292	2999.25814743909	2094.5
FBgn0043796	828	991.842898882093	1401.25
FBgn0043012	565	207.865762444615	568
FBgn0043900	1148	1615.95627484125	1897.75
FBgn0045035	1064	1196.60228399779	1764.5
FBgn0043025	806	187.770529657579	856.25
FBgn0044826	527	453.064691195289	779
FBgn0045063	1120	1416.19075521221	1845.25
FBgn0045827	790	91.5046853685767	677.25
FBgn0046294	702	41.4717210440141	412
FBgn0046297	648	24.6571232301278	315
FBgn0046332	917	201.682922598306	1060.75
FBgn0046697	712	744.587041945365	1112.75
FBgn0046253	761	856.197411022136	1240
FBgn0046793	1075	621.177949142902	1578.75
FBgn0046696	307	40.994547168587	107.5
FBgn0046222	577	320.073825978505	698.75
FBgn0046258	529	195.630551699033	525.5
FBgn0046873	965	768.824584133214	1538.75
FBgn0046874	707	313.437990607204	832.5
FBgn0046875	1252	1838.77880188334	1992.25
FBgn0047338	750	83.5922865980396	592.75
FBgn0046999	616	427.791981137863	828.75
FBgn0047351	861	149.066479122485	898
FBgn0047095	825	674.543409359189	1271.25
FBgn0050033	387	173.427289458086	391.5
FBgn0050062	469	207.615015391684	500.5
FBgn0050039	849	163.960736969856	899.5
FBgn0050069	751	868.758378011556	1228.75
FBgn0050045	643	391.833693446904	826
FBgn0050094	944	986.831923987495	1590.25
FBgn0050050	843	773.000185940759	1356.5
FBgn0050093	764	796.921066144502	1227.25
FBgn0050098	682	409.992649724887	892
FBgn0050118	1150	1703.07630452243	1915
FBgn0050110	958	791.825906667922	1539.25
FBgn0050177	1069	928.583845916617	1702.25
FBgn0050192	981	367.607710509095	1324.25
FBgn0050222	651	74.2996812766529	430.75
FBgn0050268	836	296.40213640321	1033
FBgn0050275	869	150.714741001292	915.5
FBgn0050278	662	25.7942551804469	335
FBgn0050274	451	157.281788967022	413.5
FBgn0050154	905	875.011591654193	1495.25
FBgn0050295	703	311.786858447374	822.5
FBgn0050338	270	106.829045936716	234.75
FBgn0050293	777	84.4500440933759	642
FBgn0050334	536	589.922787949727	862.75
FBgn0050350	952	262.132925159225	1187
FBgn0050362	787	203.826105331051	845
FBgn0050363	915	214.584819906058	1075.5
FBgn0050364	934	335.873042863016	1237.5
FBgn0050365	934	335.873042863016	1237.5
FBgn0050366	915	214.584819906058	1075.5
FBgn0050369	993	621.816007906704	1502.75
FBgn0050376	786	71.9875111046425	628.75
FBgn0050378	810	89.1597696231163	709.75
FBgn0050349	795	416.009490109345	1075
FBgn0050384	782	167.590141259178	785
FBgn0050412	704	23.5490649951366	379.5
FBgn0050429	785	75.7294963460348	636.25
FBgn0050343	525	202.882661368917	533.25
FBgn0050414	604	193.025631970715	578.25
FBgn0050394	902	1160.06707868943	1573
FBgn0050438	874	517.950075585786	1280
FBgn0050461	700	309.750257382309	815.25
FBgn0050430	736	64.69308655997	524
FBgn0050487	898	262.027246524503	1112.25
FBgn0051007	592	16.2577600362786	253
FBgn0051008	781	65.944558121799	602.75
FBgn0051010	971	378.452851069188	1319.5
FBgn0050443	521	156.622239641386	465
FBgn0050462	700	309.750257382309	815.25
FBgn0051013	792	567.572290456529	1164.5
FBgn0051028	855	817.4818601885	1391.5
FBgn0051029	751	71.0445814640916	566.25
FBgn0051040	1114	1385.37683745097	1835.5
FBgn0051055	1480	4305.04718541204	2162.25
FBgn0051088	1491	3974.266899375	2161
FBgn0051099	949	456.721106766827	1358
FBgn0051121	1192	1657.03055585411	1939.5
FBgn0051139	484	405.228553898074	712
FBgn0051141	860	125.65450728716	858.5
FBgn0051204	584	339.852314553583	724.5
FBgn0051206	807	85.9045486408678	700
FBgn0051226	826	122.572480905029	786.5
FBgn0051213	274	46.8567476704087	109.5
FBgn0051245	697	31.5132697872676	386
FBgn0051274	1149	2326.16515016677	1974.25
FBgn0051176	403	203.63508704104	444.75
FBgn0051292	425	245.313437241811	512.25
FBgn0051294	923	961.371823363662	1551.5
FBgn0051281	981	487.11422948722	1418.25
FBgn0051300	1254	2035.4159515283	2015
FBgn0051327	844	131.849228795386	840.5
FBgn0051344	1241	2553.53056331217	2052
FBgn0051217	327	47.9140769838286	139
FBgn0051345	818	528.830766368971	1188.25
FBgn0051363	1091	1172.23081571301	1780
FBgn0051358	995	581.966406563897	1483
FBgn0051368	795	615.730023652494	1194
FBgn0051390	1389	3310.78280998736	2136.5
FBgn0051391	934	291.197810893839	1192.75
FBgn0051459	672	31.1867530232422	359.25
FBgn0051475	681	260.832985407764	748.75
FBgn0051482	820	121.200232925537	774.25
FBgn0051407	1287	3546.15686004547	2107.75
FBgn0051501	585	360.783193204014	743.5
FBgn0051533	848	152.330221727027	883.75
FBgn0051538	879	278.821504454146	1093.25
FBgn0051542	781	56.3718740258927	582
FBgn0051624	853	157.982784320947	897
FBgn0051546	592	166.370157583061	532.5
FBgn0051639	733	72.2010576728418	540.25
FBgn0051644	870	141.206618277664	900.25
FBgn0051679	862	153.729203777935	908.25
FBgn0051682	1216	1834.24701517673	1975.25
FBgn0051547	830	535.562430834107	1217
FBgn0051693	867	136.979844109221	887.5
FBgn0051700	1123	1303.78281058197	1836
FBgn0051702	925	494.186083872812	1349
FBgn0051730	1073	682.276728409105	1605.5
FBgn0051773	932	236.970430478155	1136.25
FBgn0051784	802	81.5391146070571	681
FBgn0051787	1255	1917.18348562935	2004.75
FBgn0051788	974	445.136917884255	1377.5
FBgn0051802	707	135.993743916347	608
FBgn0051804	974	327.033496422772	1277
FBgn0051806	630	398.410073489955	818.75
FBgn0051816	664	136.957672191315	555
FBgn0051820	699	36.7545254745239	398
FBgn0051851	1225	2118.64762303015	2009.5
FBgn0051858	1069	865.291384217423	1675.75
FBgn0051870	677	20.2230147628657	346.5
FBgn0051874	925	206.482620062169	1078
FBgn0051861	334	65.9717654122776	180.5
FBgn0051882	1105	872.32333696719	1705.5
FBgn0051907	1223	2374.45275948465	2029
FBgn0051909	971	882.189943706822	1586.5
FBgn0051910	868	215.730875148089	1004.5
FBgn0051913	515	85.1075096822206	344.5
FBgn0051921	889	211.460682917333	1036
FBgn0051948	802	115.248434568633	739.5
FBgn0051949	1216	1323.46926210993	1907.75
FBgn0051779	301	84.7520795403687	209.25
FBgn0051953	246	66.1081694382212	142.25
FBgn0051955	175	41.098524313679	68
FBgn0051988	745	37.4817412276976	478.25
FBgn0051954	1198	1874.87911238501	1968.75
FBgn0052026	812	90.8310253832158	714.75
FBgn0052061	903	200.650738457956	1041.5
FBgn0052011	583	259.12930803929	646.25
FBgn0051973	485	114.896869678359	368.5
FBgn0052064	638	23.7458185601898	303
FBgn0052076	1214	1936.86281606412	1986.5
FBgn0052081	873	140.969511070212	900.75
FBgn0052069	327	51.8513309488126	148
FBgn0052087	859	996.258159749574	1460.5
FBgn0052086	913	380.845501230074	1241.5
FBgn0052075	656	283.112893214539	737.5
FBgn0052106	927	233.642254303798	1122.75
FBgn0052117	731	62.8359442205944	509
FBgn0052119	974	342.803258765867	1289.5
FBgn0052141	872	171.509799361741	947
FBgn0052107	715	337.692133308856	864.75
FBgn0052160	740	632.447424541478	1110
FBgn0052174	507	165.348636357675	468.5
FBgn0052161	510	15.6033244714201	191.25
FBgn0052181	873	133.627594285716	891.25
FBgn0052179	502	147.179606063013	436.5
FBgn0052095	883	867.277191574112	1455.5
FBgn0052192	989	366.397636573622	1330.25
FBgn0052238	1111	1363.34010697845	1830.5
FBgn0052195	848	552.6235772616	1263.25
FBgn0052230	466	137.192173567544	395.75
FBgn0052240	892	230.623830218658	1070
FBgn0052298	760	145.536218198214	716.75
FBgn0052299	760	145.536218198214	716.75
FBgn0052351	956	264.459821384268	1193.75
FBgn0052371	803	123.33567122885	755
FBgn0052281	1115	1546.12767679464	1856.5
FBgn0052396	813	208.354208441349	897
FBgn0052436	839	98.5955588270675	774.25
FBgn0052428	1147	1871.9149047456	1929.25
FBgn0052437	928	246.529797374326	1138.5
FBgn0052440	1313	3064.1530895211	2104.25
FBgn0052445	733	47.457048127511	481.25
FBgn0052450	756	55.8966340444214	536.5
FBgn0052459	793	88.6447475155815	678
FBgn0052487	1166	1577.59835535195	1908
FBgn0052278	538	162.294336832246	483.25
FBgn0052495	921	641.992886415423	1419.5
FBgn0051781	32	6.5203355188285	6.5
FBgn0052499	983	1567.7001967473	1744
FBgn0052488	1082	764.442117782563	1651.75
FBgn0052523	320	335.521351271539	549.75
FBgn0052551	488	169.017897528485	457.5
FBgn0052537	913	798.28211131036	1478.5
FBgn0052548	800	73.7726538866075	660.5
FBgn0052591	1084	671.271182627826	1607
FBgn0052553	305	249.811715997663	457.25
FBgn0052638	1297	2712.2892004146	2088
FBgn0052643	960	1315.42537740758	1682
FBgn0052651	1076	766.561190359082	1650.25
FBgn0052652	761	48.3209059521368	532.5
FBgn0052655	866	158.76306398874	921.25
FBgn0052657	772	186.695198404763	793.5
FBgn0052576	317	44.3806950008255	122.25
FBgn0052660	1095	882.398081907613	1701.75
FBgn0052580	435	197.099059099496	455.5
FBgn0052690	1053	636.440237073485	1567
FBgn0052703	1019	658.507639575498	1548
FBgn0052602	566	312.817227650516	686.5
FBgn0052669	338	66.8389618710698	184.25
FBgn0052699	201	48.5319990112938	96
FBgn0052647	647	271.321392013505	713.5
FBgn0052832	952	349.964707124994	1267.5
FBgn0052971	1159	1657.43210951904	1917
FBgn0052719	588	68.0480679740787	356.5
FBgn0052988	1578	4900.61138010032	2172
FBgn0052814	392	67.8933939688238	213.25
FBgn0053082	857	475.921051120863	1229.5
FBgn0053110	237	37.7719835574688	77
FBgn0053116	717	360.187072378422	886.75
FBgn0053017	643	17.0562109162736	297
FBgn0052726	407	161.396452896388	386.75
FBgn0053125	787	202.881111141471	843.5
FBgn0053136	811	103.198833713567	734.5
FBgn0053126	559	382.131668322097	744.75
FBgn0053140	1384	2502.69491066948	2098
FBgn0053143	912	1389.04540629257	1624
FBgn0053123	534	135.002502051935	438.75
FBgn0053170	441	118.691203093962	341
FBgn0053182	874	682.044437647068	1364
FBgn0053191	1032	745.623118888394	1603.5
FBgn0053203	745	883.374737765678	1225.25
FBgn0053218	948	1728.06665727711	1728
FBgn0053284	886	223.158128966133	1044.25
FBgn0053286	1100	1675.34414470153	1866.5
FBgn0053287	1099	949.698420815811	1729.5
FBgn0053100	467	88.2087635350926	316.75
FBgn0053285	246	83.683871729723	187.25
FBgn0053293	1259	1676.03971358405	1979
FBgn0053319	1076	1746.21302165246	1862.25
FBgn0053309	297	72.3641634705728	181
FBgn0053322	1053	771.250928152686	1631.5
FBgn0053489	890	273.123574622507	1110.5
FBgn0053490	1077	1444.77900641291	1818.25
FBgn0053229	263	70.2155703819834	158.5
FBgn0053527	1015	944.740769396482	1662.5
FBgn0053664	860	284.543744657171	1066
FBgn0053665	869	257.812022459052	1057.5
FBgn0053667	846	291.5423750495	1051.25
FBgn0053668	728	92.8908647281984	571.5
FBgn0053669	998	519.618663222504	1454.75
FBgn0053548	1005	1138.8173781238	1699.25
FBgn0053704	652	28.4387311827016	329
FBgn0054012	610	44.1460186162446	317
FBgn0053987	823	1233.54650503879	1446.75
FBgn0054021	708	440.154498356642	943
FBgn0053530	564	379.964350818797	745.75
FBgn0053964	458	139.060195773673	391.5
FBgn0058198	594	237.106818442911	635.5
FBgn0058002	417	79.6084461593933	256
FBgn0058354	940	908.859203091064	1561.75
FBgn0054049	987	549.906216713606	1462.75
FBgn0060296	1118	1299.29965687407	1828.25
FBgn0061197	980	330.407702226517	1286.5
FBgn0062978	376	48.2816323414892	161.75
FBgn0063498	489	99.9187636784861	350.5
FBgn0063261	930	309.889143384336	1206
FBgn0063649	304	29.9938303907501	85.5
FBgn0063497	133	32.9892851047476	48.75
FBgn0064119	895	164.67997584068	979.75
FBgn0064126	750	367.190653514854	954
FBgn0065035	865	657.180818734031	1336
FBgn0065059	734	334.274494854509	898.75
FBgn0064227	452	361.777081725307	646
FBgn0064766	415	228.011948059855	486.75
FBgn0066303	455	332.152019704787	622.75
FBgn0067102	62	7.77685018443966	8
FBgn0067779	424	171.379211459554	409.75
FBgn0064912	876	173.295206183409	957.75
FBgn0065097	727	319.880015257553	867.25
FBgn0069242	426	145.916903537933	378
FBgn0069913	867	444.671689930349	1222
FBgn0069973	943	659.706024042456	1458.75
FBgn0082582	1026	1060.04353841608	1705.75
FBgn0082831	1072	1255.57913879022	1783.5
FBgn0083167	418	60.5257449677711	212
FBgn0083970	1410	3122.95807336193	2135.75
FBgn0083943	756	65.840498784762	558.5
FBgn0085190	1229	1651.51535019301	1958.25
FBgn0085196	761	972.426943513938	1282.5
FBgn0085199	578	179.130004399311	537.75
FBgn0066304	455	332.152019704787	622.75
FBgn0085201	453	145.45106515844	397.75
FBgn0085204	1158	1576.90974759441	1901.5
FBgn0083991	925	682.715405514581	1445
FBgn0085211	894	1438.55114883854	1609.25
FBgn0085229	295	49.3744871932446	124.75
FBgn0085233	839	107.385025503977	789.25
FBgn0085236	445	95.0790498032522	307.5
FBgn0085239	894	206.552364077939	1036.25
FBgn0085291	624	835.025120950692	1044
FBgn0085303	930	357.606456757448	1247.5
FBgn0085308	752	431.271992118335	1011
FBgn0085279	398	74.9267518548587	236.5
FBgn0085306	781	56.3718740258927	582
FBgn0085310	683	258.700199689752	749.75
FBgn0085315	330	109.498094444868	269
FBgn0085339	862	1085.21694477527	1488.25
FBgn0085356	1299	2683.75500330059	2084.75
FBgn0085376	567	481.538829074938	829.5
FBgn0085437	936	808.78776312731	1521
FBgn0085321	785	177.416642358985	802.75
FBgn0085419	626	346.128135103185	763.5
FBgn0085464	950	1885.4998740884	1746
FBgn0085468	404	74.106573600212	237.5
FBgn0085454	719	375.357695317037	906.75
FBgn0085478	1231	2061.00861581033	2009.5
FBgn0085485	326	38.7884314284069	117.25
FBgn0085599	1126	1557.76629329948	1872.5
FBgn0085736	460	123.147859065471	365.5
FBgn0085766	753	597.091599265799	1113.5
FBgn0085772	453	247.983333082953	539.75
FBgn0085732	981	861.341237028506	1590.25
FBgn0085486	857	245.937308245031	1024
FBgn0085826	360	138.231779342695	327.75
FBgn0086348	1057	1597.96362019537	1822.5
FBgn0065066	93	1.49080963599202	6.5
FBgn0086251	759	477.729605944395	1059.25
FBgn0086367	1047	1891.04493372829	1851
FBgn0086443	669	252.319304804628	727.25
FBgn0086451	1056	1194.54052544442	1757
FBgn0086694	728	473.290765677748	999
FBgn0086704	588	400.613335185565	785
FBgn0086907	844	581.261535373583	1264.5
FBgn0086915	941	230.584251784103	1140.25
FBgn0086265	163	25.0546794649414	35.5
FBgn0086708	586	459.343382413455	827.25
FBgn0243512	436	224.264913614807	494.75
FBgn0250825	851	109.092526277166	815.75
FBgn0250826	722	71.465055794339	517.75
FBgn0250840	741	78.1126742875549	568.25
FBgn0086916	1028	1308.58780618655	1758.5
FBgn0250845	715	45.9608128869296	441.75
FBgn0250846	921	224.384902065789	1099.5
FBgn0250871	871	1148.22937430653	1517.25
FBgn0250874	771	597.82325828491	1143.75
FBgn0259101	568	481.825125905236	830.75
FBgn0250816	390	152.26412524036	366
FBgn0259111	1129	1724.86183030298	1902.5
FBgn0259184	457	232.140451192386	527
FBgn0259203	1300	2709.79748668852	2087.5
FBgn0259143	746	350.226323956202	930.25
FBgn0259216	1165	1980.36647934211	1958.5
FBgn0250904	369	99.9678747316681	271
FBgn0259223	1137	1592.7818629373	1886
FBgn0259233	1059	1616.76666019071	1826.75
FBgn0259247	133	20.3887048687746	25.25
FBgn0250849	731	45.6387793066139	467.25
FBgn0259219	553	165.726727458197	499.5
FBgn0259749	1147	2035.60960982377	1947.25
FBgn0259818	824	644.764237914968	1258.5
FBgn0259785	1253	2316.28637585882	2037.25
FBgn0259713	452	278.501138953498	566
FBgn0259831	378	67.8175890170152	205.5
FBgn0259985	502	308.348864646969	634
FBgn0259992	416	106.525429084243	305.5
FBgn0259878	716	383.570157977322	910.25
FBgn0259739	899	201.308200838998	1037.25
FBgn0260230	859	124.432761851881	852.75
FBgn0260231	859	124.432761851881	852.75
FBgn0260428	1027	525.181335851537	1489
FBgn0260006	301	45.6782350789775	115.25
FBgn0260434	656	21.7610070765999	322
FBgn0260453	733	79.5664178012016	554.5
FBgn0260444	1145	2264.98092070814	1965.25
FBgn0260454	733	79.5664178012016	554.5
FBgn0260459	922	431.188403763954	1297.75
FBgn0259789	410	210.107485407808	458.5
FBgn0260228	750	326.243050859471	915.5
FBgn0260466	895	164.67997584068	979.75
FBgn0260479	1259	2207.95320647688	2032.5
FBgn0260480	1021	614.539004264757	1531.75
FBgn0260653	1069	1066.0275618327	1740.75
FBgn0260659	1271	1972.72884823091	2018.25
FBgn0260761	737	289.869303524614	859.25
FBgn0260758	1011	624.043272386873	1525.75
FBgn0260762	737	289.869303524614	859.25
FBgn0260722	1303	2418.53707996536	2068
FBgn0260008	326	41.1184472130945	120.25
FBgn0260789	835	719.845761166439	1310.25
FBgn0260855	1046	1139.4940048612	1737
FBgn0260817	407	149.642045212985	370.75
FBgn0260954	366	69.6043386444152	205
FBgn0260780	430	83.1498375084963	271.25
FBgn0260962	952	731.649276872009	1506
FBgn0260776	893	367.237661781949	1206
FBgn0260967	936	730.550310270596	1488
FBgn0260969	1280	2334.11475932437	2051.75
FBgn0260997	1127	1451.83307186647	1860.25
FBgn0261015	717	323.90509077524	854.25
FBgn0261019	973	919.684681131468	1605
FBgn0260996	915	485.090435795929	1328.75
FBgn0261064	569	361.340425549772	732
FBgn0261258	800	440.451283015688	1103.5
FBgn0261341	824	483.2710437276	1174.5
FBgn0261402	455	76.5056507277926	280
FBgn0261286	443	263.298558095502	546.25
FBgn0261429	809	398.292484695001	1084.5
FBgn0261287	715	79.7281413524558	521.75
FBgn0261458	880	598.306879286929	1334.5
FBgn0261505	862	608.399957132222	1310.25
FBgn0261445	361	224.728904462292	455
FBgn0261502	877	184.837195826372	978
FBgn0261514	635	357.596684012657	783.5
FBgn0261522	763	228.075834570333	839
FBgn0261504	930	1038.31188402402	1587
FBgn0261529	1131	1429.27004018582	1859
FBgn0261530	1393	3392.33670441905	2138.5
FBgn0261531	687	19.4680154567035	355.5
FBgn0261536	1154	1054.90556746764	1808.75
FBgn0261509	331	40.0529571140763	121.25
FBgn0261537	1154	1054.90556746764	1808.75
FBgn0261548	886	859.238779056825	1458.25
FBgn0261549	536	115.294929696108	407.25
FBgn0261562	822	804.384559654551	1326.5
FBgn0083055	25	0.384937230065408	3
FBgn0261534	504	165.283103692239	464.25
FBgn0261582	791	68.2312201553296	625.5
FBgn0261567	251	72.699228122771	164
FBgn0261563	732	522.440924844833	1036.75
FBgn0261686	750	402.797406754395	987.25
FBgn0261714	312	63.6275788160556	165.25
FBgn0261806	1318	2439.52323743607	2074.75
FBgn0261807	664	735.24255912916	1049
FBgn0261816	943	411.045778802863	1317.25
FBgn0261873	1334	3030.58988266581	2111.25
FBgn0261928	392	129.977458443381	329.25
FBgn0261835	887	202.490619066704	1018.75
FBgn0261625	391	77.6444283009777	237.5
FBgn0261988	673	333.874557423424	809.25
FBgn0261996	1430	4287.21125750897	2157
FBgn0261998	891	636.422573910472	1375.5
FBgn0262002	779	69.7267261134006	610.25
FBgn0262095	686	51.0431129723663	419.75
FBgn0262036	797	939.219807824237	1334.25
FBgn0262097	893	210.423493866327	1041.5
FBgn0262098	837	229.96054492215	967.75
FBgn0262100	1063	662.938262585413	1588
FBgn0261963	670	475.137904725405	925.25
FBgn0262117	607	226.69563000422	628.75
FBgn0261602	166	9.27472779576672	16.75
FBgn0262125	906	780.070439430478	1465.25
FBgn0262115	889	836.567318602651	1457
FBgn0262149	842	938.406705140582	1413.25
FBgn0262476	508	138.405192475193	428
FBgn0262102	524	474.36485949797	791.5
FBgn0262485	860	197.299238017662	965
FBgn0262515	1154	1733.33593591032	1923.75
FBgn0262566	1196	2687.72514887079	2036
FBgn0262568	788	113.759758328276	708.75
FBgn0262364	113	9.96634255408545	12
FBgn0262581	1410	3453.24349104003	2143.25
FBgn0262592	838	1982.17490793303	1578
FBgn0262687	1014	446.645328124085	1425.75
FBgn0262787	907	224.787311955141	1080.75
FBgn0262790	319	141.110747051963	314
FBgn0262791	969	463.133165170027	1383.5
FBgn0262807	319	141.110747051963	314
FBgn0262836	969	463.133165170027	1383.5
FBgn0262849	722	376.870627747518	914.25
FBgn0262850	754	539.170893730493	1090.75
FBgn0262851	678	448.935263295427	914.5
FBgn0262717	701	364.808859736786	867.75
FBgn0262882	889	193.294456069785	1010
FBgn0262837	319	141.110747051963	314
FBgn0262966	972	688.526837115828	1510.5
FBgn0262955	812	403.074291762176	1095.75
FBgn0262985	1104	1417.63873530676	1829
FBgn0263006	640	317.271850718049	752.25
FBgn0263032	721	143.833270868997	646
FBgn0262858	532	188.390771934006	515.5
FBgn0008635	953	720.662482453396	1500
FBgn0008646	765	437.865577076506	1040
FBgn0010113	668	232.857919663372	704.75
FBgn0010052	200	28.5690950274294	52
FBgn0262532	176	126.305175029869	244
FBgn0010220	592	299.783967475555	693.5
FBgn0010317	773	745.453779749608	1219.75
FBgn0010280	479	151.217540903073	428.25
FBgn0010612	502	125.650810479187	400
FBgn0010786	820	592.119151293593	1221.25
FBgn0263026	970	884.13130272493	1588
FBgn0010278	692	349.254906533481	842.25
FBgn0010504	462	279.032618823624	578.75
FBgn0010825	962	963.158266005599	1603.5
FBgn0010830	1372	2758.75506624221	2112.5
FBgn0011202	837	535.851795004328	1229.25
FBgn0263033	721	143.833270868997	646
FBgn0011244	766	67.1183109675904	582.5
FBgn0011270	611	18.636391164732	272
FBgn0011207	776	437.638576756546	1055
FBgn0010423	346	187.737887671676	393.75
FBgn0011227	492	172.340506043556	464.75
FBgn0011297	782	377.264307716559	1019.5
FBgn0011576	708	558.094073231656	1019.5
FBgn0011604	1388	3246.73632336855	2134.25
FBgn0011640	967	882.430603239467	1581.75
FBgn0011661	863	593.441590842679	1302.75
FBgn0011704	573	168.75676240117	519
FBgn0011706	741	322.556497400205	898.25
FBgn0011760	512	112.732065721652	389
FBgn0011766	628	210.660981992766	625
FBgn0011817	770	842.722973907067	1250.25
FBgn0011836	914	653.089175506267	1411.25
FBgn0011273	771	67.7838470921725	589
FBgn0013300	912	244.400377062357	1108
FBgn0012344	493	118.011827422128	380
FBgn0013342	539	387.936922474372	738.5
FBgn0010222	77	3.76932793742265	7
FBgn0013348	651	208.298513888532	644.25
FBgn0013672	359	101.473578694193	269.5
FBgn0013675	624	261.531882554866	685
FBgn0013676	842	669.782331577919	1301.25
FBgn0013681	853	677.061793539069	1325
FBgn0013685	657	305.197297228289	762.25
FBgn0013686	1002	970.369186722314	1654
FBgn0013301	852	157.934574688691	895.25
FBgn0013688	530	201.394050806665	534
FBgn0013699	1162	1920.26468808732	1951.25
FBgn0013704	504	152.468395567724	448.75
FBgn0013548	781	1112.03776121038	1351.75
FBgn0263077	954	944.35989370886	1589
FBgn0263093	1360	2601.84030623475	2095.5
FBgn0263106	439	182.276057656321	440
FBgn0263132	988	841.058748451886	1591.75
FBgn0263219	1171	1933.78829657783	1958
FBgn0263241	1109	1423.25719396822	1834.25
FBgn0263324	1004	468.263679977509	1429
FBgn0263345	705	944.759836088339	1178.5
FBgn0263248	571	174.390827925723	525.75
FBgn0263406	443	75.5452338120214	267.25
FBgn0263443	550	155.969369280508	484
FBgn0263446	511	126.062391766336	412
FBgn0263442	1185	2651.99577134714	2025.5
FBgn0263492	777	384.127648642229	1018
FBgn0263493	338	113.774277154246	276.75
FBgn0263387	731	45.6387793066139	467.25
FBgn0263583	1018	1100.72716693758	1704.75
FBgn0263494	693	562.158478687509	999.75
FBgn0263740	704	299.894201385757	811
FBgn0263776	1009	845.504405177857	1619.25
FBgn0263830	818	537.5375992413	1196.75
FBgn0263647	848	132.064380883326	849.75
FBgn0263911	503	120.149762253411	390.25
FBgn0264297	719	390.018851960234	922.75
FBgn0264298	719	390.018851960234	922.75
FBgn0263973	1398	3719.58608359521	2146
FBgn0263982	675	27.7865301395983	356.75
FBgn0264309	997	916.422102408239	1631.75
FBgn0264299	719	390.018851960234	922.75
FBgn0264432	643	281.21455279972	718.5
FBgn0264364	790	91.5046853685767	677.25
FBgn0264506	995	1539.55160621847	1753
FBgn0264510	1109	1881.83123067925	1896.75
FBgn0264544	1178	1910.813746696	1959.25
FBgn0264517	1059	1175.06843607225	1758.25
FBgn0264561	864	599.007629776701	1309
FBgn0264545	1178	1910.813746696	1959.25
FBgn0264572	600	220.82739102447	615
FBgn0264562	874	688.313666601393	1367.5
FBgn0264674	967	973.678412836052	1613.25
FBgn0264711	721	410.897029791368	944.25
FBgn0264789	832	509.225871804673	1201.5
FBgn0264906	487	179.632622550085	472.5
FBgn0264862	568	345.553620607074	714.75
FBgn0264916	667	660.047052852669	1015.75
FBgn0264600	956	706.744544755266	1496.25
FBgn0264993	996	778.10704947325	1582
FBgn0265003	547	340.520608949182	697.25
FBgn0265052	430	90.8517620809095	288.75
FBgn0265140	1071	1663.53042957539	1843.25
FBgn0265263	718	47.9744617597105	454
FBgn0265265	856	120.449400507213	840.25
FBgn0265269	826	98.6993711026288	750.5
FBgn0265271	943	295.870160285244	1208.25
FBgn0265177	548	190.41678337935	530
FBgn0265266	452	184.296549469353	453.5
FBgn0265295	723	711.513394396045	1115.75
FBgn0265508	1252	2220.38618392244	2030.25
FBgn0265512	1215	2092.50499465263	2002.5
FBgn0265648	1292	2536.84934378856	2071.5
FBgn0265342	603	436.962321492369	821.5
FBgn0265649	1504	4359.82649739703	2165.5
FBgn0265428	422	178.797906171338	420.5
FBgn0265702	719	732.304777244807	1119.75
FBgn0265810	560	304.235080072714	671.5
FBgn0265901	693	680.345100215182	1055.75
FBgn0265182	236	32.5790377133266	66
FBgn0265902	658	335.790943615373	792.5
FBgn0265915	896	563.407232901325	1348.25
FBgn0265963	1136	2627.11545722214	1982.75
FBgn0265988	732	817.242785093221	1176.75
FBgn0266021	1559	5223.34659110438	2172
FBgn0266053	572	246.445325995673	624.25
FBgn0265070	292	47.6275007882496	118
FBgn0266083	653	414.885582860671	860.5
FBgn0266195	973	919.684681131468	1605
FBgn0266201	447	209.309422620648	484
FBgn0266284	630	546.310156696405	922.75
FBgn0266382	688	278.29943543954	771.75
FBgn0266144	510	168.573836277474	474.25
FBgn0266377	314	66.1114777854139	171.5
FBgn0266417	776	617.498045602191	1163.5
FBgn0266438	1345	2853.30484126545	2109
FBgn0266437	266	50.5754924833045	114.5
FBgn0266439	1345	2853.30484126545	2109
FBgn0266486	311	109.166394048954	257.75
FBgn0266540	974	971.442222129031	1621.75
FBgn0266577	846	677.497814750996	1315.75
FBgn0266624	948	944.623368409441	1583.5
FBgn0266627	1055	1657.74835098324	1832
FBgn0266628	667	288.377536715736	755.75
FBgn0266436	888	279.542603834764	1111.25
FBgn0266638	842	564.738073763026	1252.75
FBgn0266656	930	836.716683595837	1518
FBgn0266691	875	745.392248464356	1399
FBgn0266672	305	146.722988461196	316.75
FBgn0266694	875	651.414066086358	1351.5
FBgn0266696	420	95.5320549830805	288.25
FBgn0266729	902	853.556317956748	1482.5
FBgn0266740	1118	1864.9131805942	1902.75
FBgn0266741	655	712.524716263478	1026.25
FBgn0266757	586	218.438981543265	598.75
FBgn0266817	437	163.246992233944	409
FBgn0266859	489	105.477748319272	358.5
FBgn0266866	903	968.71664628267	1525.5
FBgn0266917	1123	1438.22360042007	1854
FBgn0266933	521	240.242039057489	581
FBgn0266925	1128	1274.84941289959	1834.25
FBgn0266972	884	1007.08091827062	1504.5
FBgn0266798	994	732.359487275171	1557.25
FBgn0267042	1040	1316.96491030895	1770.25
FBgn0267043	1198	2044.05396256563	1988.25
FBgn0267044	1328	3819.45712746588	2126.25
FBgn0267045	1369	3687.78382934563	2135.5
FBgn0267046	1143	1011.60752900265	1784.25
FBgn0267047	1217	1447.84035721052	1925
FBgn0267048	1202	2009.90087645312	1985.75
FBgn0267049	1017	884.677199462536	1643.75
FBgn0267078	679	269.280549992139	754.75
FBgn0267112	666	532.125379634801	953.25
FBgn0267113	634	383.033410981253	809.75
FBgn0267151	829	442.506582610609	1149.5
FBgn0267035	280	81.2848740191335	191.5
FBgn0267157	667	338.249447758803	805.25
FBgn0267152	840	836.909271445758	1371
FBgn0267164	500	197.522946653367	505.75
FBgn0267228	1047	1092.44488897693	1727.5
FBgn0267242	222	34.4464997543891	66.5
FBgn0267050	986	753.426016618001	1557
FBgn0267326	1267	2014.41460419119	2020.25
FBgn0267366	823	321.726881887212	1034.25
FBgn0267383	661	62.3968099511396	411.25
FBgn0267411	766	86.0630598630402	630.5
FBgn0267413	839	150.13583498214	859.25
FBgn0267417	810	134.963415401786	783.75
FBgn0267418	1018	546.509772141367	1497.75
FBgn0267419	659	34.8032382221637	350.5
FBgn0267432	980	743.646672054309	1545
FBgn0267253	645	234.257622158399	674.75
FBgn0267433	830	353.147786742857	1076
FBgn0267490	880	223.788098497123	1034.5
FBgn0267471	558	165.572681464339	502.5
FBgn0267496	706	445.228810736445	942.75
FBgn0267499	630	359.003219800577	780.75
FBgn0267500	719	487.676622822997	996.75
FBgn0267502	689	523.957631934727	975
FBgn0267503	714	496.690892573752	990.25
FBgn0267512	726	535.888002549716	1039
FBgn0267545	845	542.40411102427	1252.75
FBgn0267337	389	167.758891924168	384.75
FBgn0267492	862	164.677170336222	920.75
FBgn0267550	1191	2658.35067089103	2031.5
FBgn0267481	482	213.873134833167	516.5
FBgn0267495	793	402.125780057387	1059.5
FBgn0267592	867	213.850565607954	1000
FBgn0267660	1312	2838.45825599105	2096
FBgn0267632	685	413.541634453251	898
FBgn0267587	382	87.6449726169585	254.5
FBgn0267693	585	274.493809902459	662.5
FBgn0267705	649	526.096391868611	925
FBgn0267668	1059	2369.54156790573	1904.75
FBgn0267721	756	79.9776822603106	595
FBgn0267725	652	549.134360850287	947.5
FBgn0267733	166	76.6953390907047	152.75
FBgn0267511	352	61.248238019875	180
FBgn0267736	876	1151.60279488169	1528.25
FBgn0267776	870	704.318428291843	1367.75
FBgn0267777	464	118.908162302016	363.75
FBgn0267794	893	916.004738209122	1495
FBgn0267812	1240	2299.01819743432	2031.25
FBgn0267861	1329	3278.60435587129	2118.5
FBgn0267727	822	83.3321782865341	712
FBgn0267809	247	96.2441351576499	209
FBgn0267985	714	386.258960811301	909.75
FBgn0270924	956	1215.25877270149	1656.25
FBgn0283433	153	33.5100203196009	52
FBgn0278598	792	460.466068421718	1101.5
FBgn0270925	721	31.2486243012546	423.75
FBgn0283476	1272	2215.3856645704	2040.5
FBgn0267676	225	71.1003815514671	150
FBgn0283434	357	145.316083797209	339.5
FBgn0283499	764	648.448024140701	1158.25
FBgn0283500	961	1012.1216418488	1616.25
FBgn0013746	1373	3164.69521399319	2128.75
FBgn0013756	723	325.699282644077	869.75
FBgn0013770	984	1029.61159910593	1651.75
FBgn0014007	807	488.114055362767	1152
FBgn0014163	507	96.5419026106725	358
FBgn0014018	471	250.113879429156	559
FBgn0014011	409	188.605235020389	426.5
FBgn0014179	1098	798.322483536282	1674.75
FBgn0014342	511	247.069394492119	583.5
FBgn0014417	446	248.830920027777	536
FBgn0014189	732	367.075680212752	922.25
FBgn0014454	1228	2032.96155749673	2001
FBgn0014391	466	97.2510483793426	330.75
FBgn0014455	598	171.423988148204	542
FBgn0014859	346	169.118588739725	368.25
FBgn0015008	1157	1454.710452036	1884.5
FBgn0015221	645	543.753443649036	934.75
FBgn0014903	910	582.360535636268	1370.25
FBgn0015032	390	244.803645331297	491.5
FBgn0015222	690	583.70835804058	1007.25
FBgn0015240	998	957.442203795256	1646.75
FBgn0015568	1065	1129.6563344568	1752
FBgn0015288	241	58.6785390072679	125.75
FBgn0015574	779	671.079510726327	1191.75
FBgn0015663	904	611.90346295851	1381.5
FBgn0015737	903	637.715396443749	1393
FBgn0015582	512	285.242587569391	621
FBgn0015766	681	306.840879806775	793.75
FBgn0015795	774	493.694886422363	1094.5
FBgn0015799	1127	1567.09381000565	1875.25
FBgn0015805	1045	1144.43404716192	1737
FBgn0015905	497	275.399152187579	597.25
FBgn0015031	310	27.7823714093709	85
FBgn0015770	910	369.697051013622	1229.5
FBgn0015925	588	211.867908820954	594.5
FBgn0015929	856	759.822927808919	1372.25
FBgn0015949	1400	3152.85265003133	2135
FBgn0016038	1122	2146.05554034766	1938.5
FBgn0016081	711	367.961638628839	889.5
FBgn0016078	886	698.237666966178	1392.75
FBgn0016123	718	429.821927346746	949
FBgn0016687	885	830.866909741783	1445.25
FBgn0016131	803	488.86599970588	1148
FBgn0017572	1095	1519.45731424985	1835.25
FBgn0016930	839	689.392772651798	1307.75
FBgn0017581	410	96.4769376463661	284.5
FBgn0019830	600	158.187871661895	527.5
FBgn0019686	488	673.012166591758	869
FBgn0019940	436	77.6886940862237	265.75
FBgn0020272	1013	1168.31014772375	1716
FBgn0017456	820	393.132344547816	1097.25
FBgn0019828	687	22.703543649067	360
FBgn0020378	414	146.220474275242	371
FBgn0020370	464	118.923772544213	364.25
FBgn0020386	668	350.399404031938	817.25
FBgn0020371	795	83.394839295893	667.5
FBgn0020388	954	1715.48634980573	1732
FBgn0020392	890	608.536571775923	1361
FBgn0020399	745	660.599617812664	1130.25
FBgn0020372	558	150.213036337441	481
FBgn0020643	135	14.4576129741324	17.5
FBgn0020407	1269	2548.21493256424	2063.25
FBgn0020644	135	14.4576129741324	17.5
FBgn0020908	608	292.175712166061	698.25
FBgn0020618	311	45.1327014358743	119.25
FBgn0020765	644	324.928811655734	763.25
FBgn0021796	538	247.13272458008	601.25
FBgn0021760	1208	2054.78112004494	1995.5
FBgn0021895	1110	1428.60465952702	1836.25
FBgn0022029	581	174.479550123392	533.25
FBgn0021814	516	220.42626816614	552.5
FBgn0022153	609	322.989248203285	729.25
FBgn0022355	633	226.785392226915	653.75
FBgn0022702	1183	1483.65626308511	1904.5
FBgn0022770	978	1215.06673488483	1682.75
FBgn0022935	1020	1634.76294383681	1797
FBgn0022985	729	503.650471457226	1019.5
FBgn0022959	1098	1228.88675899779	1793.25
FBgn0023001	984	1199.23984397183	1686.25
FBgn0023094	918	726.840965633596	1455.75
FBgn0023129	648	381.241251121603	820
FBgn0023169	758	751.48921843805	1197.25
FBgn0023172	779	443.067108508804	1066.25
FBgn0270926	46	3.78010568253056	6.5
FBgn0023130	642	503.030304380787	903.25
FBgn0023511	618	306.586482207189	723.25
FBgn0023541	438	243.242770567421	519.75
FBgn0024315	1033	1391.68234250542	1772.75
FBgn0024332	687	399.887227260832	886.5
FBgn0024889	1426	3334.35759895197	2144.5
FBgn0024897	371	45.149735272681	149.25
FBgn0024977	921	1124.45526830852	1590.5
FBgn0024998	947	1137.42728343576	1629.75
FBgn0025111	611	183.568664676188	574.5
FBgn0025185	558	299.167002482524	664
FBgn0024510	331	179.389819884808	377.75
FBgn0024989	840	1107.62895597662	1452.5
FBgn0025336	320	103.601657102838	255.25
FBgn0025355	974	971.442222129031	1621.75
FBgn0025335	717	407.256162757982	933.75
FBgn0025390	534	130.979363168275	430.75
FBgn0025454	811	405.705732308649	1096.5
FBgn0025571	1117	1248.30725765637	1815.75
FBgn0025378	817	118.738520892925	764.25
FBgn0025573	1285	2855.24972750119	2088
FBgn0025625	1100	1290.1248067815	1809
FBgn0025682	610	210.524879214511	609.5
FBgn0025674	1097	1636.3838619501	1855
FBgn0025697	668	287.50858648408	758.25
FBgn0025720	866	605.35812383096	1314.75
FBgn0025725	736	363.709907493991	928
FBgn0025739	979	841.324758733045	1581.25
FBgn0025743	489	289.666097637457	605.5
FBgn0025809	836	1206.30074180832	1463
FBgn0025821	1213	2170.84862493103	2008
FBgn0025835	556	446.219115539035	792.5
FBgn0026077	1148	1796.14001018956	1924.75
FBgn0025616	836	133.481275500543	824.5
FBgn0026136	895	190.540114535084	1016.5
FBgn0025874	702	518.075467369045	983.5
FBgn0026079	763	471.86602372226	1060.5
FBgn0026143	1038	972.666418436479	1689.25
FBgn0026192	1144	1294.15749325869	1848.75
FBgn0026263	535	227.268251509477	574.75
FBgn0026404	1171	1338.36160128534	1880.5
FBgn0026141	801	101.129222133502	717
FBgn0026428	1168	1702.67418213531	1928.25
FBgn0026563	989	879.741591915496	1607.25
FBgn0026597	1280	2615.37311660685	2069.75
FBgn0026741	441	123.151297556707	348.5
FBgn0026620	799	533.368845466575	1164
FBgn0026753	468	114.782001966581	360
FBgn0027074	839	718.860721613603	1318.25
FBgn0027084	773	453.619718767604	1063.75
FBgn0027088	1046	1013.08224345711	1707.5
FBgn0027090	720	401.872884422997	933
FBgn0027348	467	117.669419757306	363.75
FBgn0027490	706	671.230980278134	1066.25
FBgn0027495	1079	1200.20234429792	1777.75
FBgn0027376	1017	778.061267678369	1604.75
FBgn0027552	1149	1688.92230879504	1912.25
FBgn0027570	492	104.721638042767	359.25
FBgn0027587	845	680.669763213046	1317.25
FBgn0027600	1339	2439.10659361423	2083
FBgn0027607	600	265.402076968219	667.5
FBgn0027608	810	427.088250140373	1108.25
FBgn0027791	512	366.203691048703	699
FBgn0027794	558	347.698657929403	707.5
FBgn0027844	1263	1946.27465645205	2011.5
FBgn0027932	1152	2086.7722084864	1958
FBgn0028379	940	405.134372826637	1308.25
FBgn0028406	919	595.027303262041	1392.25
FBgn0028490	315	70.5828306225018	184
FBgn0028527	811	952.919818558826	1363
FBgn0028513	764	59.7282640719045	562.75
FBgn0028537	289	41.372450672742	100.5
FBgn0028530	1050	1033.42505845367	1718
FBgn0028540	707	417.091490426441	927
FBgn0028541	1036	1290.03184049088	1759
FBgn0028531	861	118.66138134051	845.5
FBgn0028544	1193	2075.30366452623	1988.5
FBgn0028560	644	49.7193735752421	363.75
FBgn0028561	796	433.286150500258	1086.25
FBgn0027601	275	38.743355602368	93
FBgn0028572	931	1292.51819435159	1642.5
FBgn0028577	703	330.147231327481	839
FBgn0028567	839	131.977782522734	829.25
FBgn0028658	1115	1343.36973734419	1832
FBgn0028669	1156	1729.62361088985	1924.75
FBgn0028838	835	131.773377885753	817.75
FBgn0028847	744	54.6781154283384	513.75
FBgn0028857	1169	1195.22474895331	1848.75
FBgn0028868	1006	510.8444262038	1459
FBgn0028880	1207	1295.75164572351	1896.5
FBgn0028886	1093	1623.22520516311	1850.5
FBgn0028892	775	85.6965430415002	640.75
FBgn0028893	801	149.966044511281	796.5
FBgn0028901	866	192.045625835012	967.25
FBgn0028902	770	59.3440978484655	569.75
FBgn0028903	961	303.674751636421	1235.75
FBgn0028913	996	918.978647573387	1632.5
FBgn0028935	802	215.033034541273	890.5
FBgn0028938	1284	3084.17526329101	2095
FBgn0028969	884	780.833037974921	1430
FBgn0028991	1121	1551.58979883923	1865
FBgn0028997	887	1034.69628272701	1521.25
FBgn0028941	1053	1015.31566525063	1716
FBgn0029002	805	530.867848923359	1173
FBgn0029084	1287	2169.91420789285	2042.75
FBgn0028983	438	74.1031460448896	259.75
FBgn0029095	1118	1280.52952667282	1823.75
FBgn0029105	608	531.378079888063	892.75
FBgn0029113	877	582.952789871565	1322
FBgn0029153	785	74.6004823891773	634
FBgn0029154	785	74.6004823891773	634
FBgn0029501	921	362.371637359945	1238.5
FBgn0029133	780	857.817477961521	1273
FBgn0029539	667	82.9347461139796	468.25
FBgn0029552	1480	3811.94315784705	2156.75
FBgn0029659	766	51.8495228354022	549
FBgn0029661	1339	2970.38302188059	2110.5
FBgn0029176	351	52.0213127715055	158.25
FBgn0029662	1299	2380.34892676597	2063.75
FBgn0029672	829	728.375335005919	1307
FBgn0029700	918	256.451310705934	1131.75
FBgn0029702	745	40.1734253491191	483.25
FBgn0029688	792	487.404187345743	1122
FBgn0029703	1176	1551.43542479806	1908
FBgn0029715	739	348.774683424295	917.25
FBgn0029717	1484	4654.93378977177	2166.5
FBgn0029725	778	432.008961636296	1055.75
FBgn0029730	1053	709.334352648805	1600
FBgn0029745	1184	1844.21794664933	1955.25
FBgn0029750	855	181.111191624426	933
FBgn0029736	933	1083.90483578499	1601
FBgn0029752	841	174.684347676301	898.75
FBgn0029812	958	387.668264059872	1314.75
FBgn0029798	695	294.343440932497	795.5
FBgn0029837	388	46.9091501060948	161
FBgn0029820	1209	2317.09476826453	2016.5
FBgn0029831	436	233.690447104381	509.75
FBgn0029816	839	285.318630918326	1028.75
FBgn0029836	615	284.3944702497	695.75
FBgn0029838	839	475.348210907827	1194.75
FBgn0029859	751	376.140455782674	964.25
FBgn0029861	736	764.872858713229	1167.5
FBgn0029839	1108	1476.66886010323	1841.5
FBgn0029870	593	218.616127719192	606.25
FBgn0029874	843	885.150296605823	1399
FBgn0029905	294	140.906718363147	297.5
FBgn0029946	855	155.568152137284	896
FBgn0029947	688	26.9901576418231	370.25
FBgn0029949	788	94.3457931105345	678.25
FBgn0029951	858	156.46920300443	903.75
FBgn0029912	1209	1893.89762841147	1978.5
FBgn0029952	767	228.135361843908	848.25
FBgn0029976	593	643.405246489618	936.75
FBgn0029989	1413	4198.78245398215	2154
FBgn0029992	883	1100.36855979006	1524
FBgn0029963	632	23.253883821234	296.5
FBgn0030001	349	41.689176467412	133.5
FBgn0030015	734	94.2227985379887	588.25
FBgn0030007	1391	3069.54910885068	2128
FBgn0030013	275	84.3830863017756	199.5
FBgn0030027	269	31.8392375137534	74.75
FBgn0030093	1019	1111.54242304031	1708.5
FBgn0030096	792	502.634484316643	1127.5
FBgn0030033	804	82.0793417803873	684.5
FBgn0030109	1379	2982.25468683309	2121.5
FBgn0030114	1306	2264.89996933023	2056.5
FBgn0030116	636	413.258046124009	838.25
FBgn0030087	540	205.474883828158	545.75
FBgn0030151	669	256.602225089224	731.75
FBgn0030191	765	112.12044304012	669.5
FBgn0030141	1059	1233.64234902662	1768.25
FBgn0030215	955	696.024742294064	1490.75
FBgn0030174	459	113.467859032236	349
FBgn0030240	1388	2641.47644799128	2107.25
FBgn0030224	848	198.205608855523	947.25
FBgn0030246	647	222.04292944554	658.5
FBgn0030247	870	200.392417208885	984.75
FBgn0030277	799	71.9683199981063	653
FBgn0030278	932	274.167031339584	1173.25
FBgn0030280	706	62.6555190625515	466.75
FBgn0030263	187	105.995354554167	210.25
FBgn0030292	365	65.3241639427502	192
FBgn0030293	959	1302.90292531166	1678.75
FBgn0030283	733	131.067258512541	644.75
FBgn0030316	692	594.725936587938	1012.75
FBgn0030342	917	703.323660300936	1439.25
FBgn0030319	740	92.3118492255197	596
FBgn0030352	484	253.800066978624	566
FBgn0030356	924	347.318456918993	1225.5
FBgn0030317	562	174.812930191351	520.25
FBgn0030350	443	130.411905507811	362.75
FBgn0030357	966	1674.07332648813	1739.75
FBgn0030376	861	138.371224974907	879
FBgn0030398	1372	3487.78370851257	2133.5
FBgn0030365	665	484.74362618844	923.5
FBgn0030481	352	196.162035835938	410.5
FBgn0030506	841	607.075011033363	1270.75
FBgn0030510	990	920.528415130923	1626.5
FBgn0030554	1202	1763.54551150609	1961.75
FBgn0030555	980	1551.60935149002	1737
FBgn0030556	1072	1321.2857206794	1796
FBgn0030384	603	172.246553971726	547
FBgn0030462	837	297.33349738887	1035.75
FBgn0030582	851	720.912585806938	1344.75
FBgn0030578	944	268.309129794714	1183.25
FBgn0030628	1232	2141.22590837382	2016
FBgn0030562	604	450.340829669838	835.75
FBgn0030589	229	45.4743155368496	87.5
FBgn0030653	379	124.74310502677	315
FBgn0030658	718	544.102729515874	1029
FBgn0030624	888	209.906845480506	1030.75
FBgn0030659	1145	1734.28338329771	1915.25
FBgn0030671	1295	2945.50036779742	2093.5
FBgn0030687	1094	1215.79949742411	1789
FBgn0030720	807	616.258958753053	1219
FBgn0030697	773	87.6415628080876	640.25
FBgn0030763	1186	2199.92824557827	1994.25
FBgn0030770	1160	1090.66947141751	1821.75
FBgn0030773	598	385.991009952556	780.5
FBgn0030788	628	355.348676423769	774.5
FBgn0030780	1205	1320.8071985084	1900
FBgn0030814	916	368.461116455789	1238.5
FBgn0030733	341	60.9961941679018	172.75
FBgn0030795	474	271.44277841971	579.75
FBgn0030823	1168	1760.54586023246	1937.75
FBgn0030826	985	851.278435136443	1591.25
FBgn0030829	1184	2900.78734722313	2035.75
FBgn0030830	1276	2529.05350930792	2064
FBgn0030846	930	634.344425457736	1430
FBgn0030858	948	786.211506820989	1527
FBgn0030859	546	217.545983382386	567.5
FBgn0030873	1184	2116.66690563029	1983.75
FBgn0030877	1229	1894.03180887701	1988.75
FBgn0030878	1401	3036.32486136114	2129.5
FBgn0030882	927	655.088315469559	1433.25
FBgn0030894	699	428.622037233836	918
FBgn0030915	646	516.07637116348	915.25
FBgn0030945	967	1015.35686638875	1626.75
FBgn0030933	903	218.63223757107	1066.5
FBgn0030955	823	1257.01507015409	1453.75
FBgn0030872	171	131.923032380845	250
FBgn0030956	295	117.264261635593	259.75
FBgn0030932	615	208.319164720049	610.25
FBgn0030946	930	776.25473685467	1498.5
FBgn0030960	931	678.553868182939	1453
FBgn0030959	401	265.269062926829	519.5
FBgn0030966	1050	995.53098638896	1706
FBgn0030952	830	156.81073437037	853
FBgn0030973	1246	2139.44720922967	2021.5
FBgn0030985	585	218.748361058863	599
FBgn0030990	578	482.708220994439	838.25
FBgn0031001	889	1038.5407813426	1527
FBgn0031006	411	124.366282685998	331
FBgn0031008	999	1154.94410574135	1698.25
FBgn0031047	1074	1586.27123847102	1834.5
FBgn0031020	987	862.880867508883	1598.25
FBgn0031042	523	120.372046867048	406
FBgn0031048	890	1380.53354521334	1595
FBgn0031051	1171	1706.6060601176	1933
FBgn0030975	791	70.2134593347128	630.5
FBgn0031077	929	675.929240424412	1446.25
FBgn0031085	830	255.258682503378	983.5
FBgn0031098	447	338.672178943493	623.5
FBgn0031093	668	240.560642805269	712.75
FBgn0031099	619	942.776505113852	1082
FBgn0031103	676	31.1269334524477	363.75
FBgn0031108	628	117.756069998244	483.5
FBgn0031130	1077	1238.15334490525	1784.75
FBgn0031139	815	116.796476198817	759
FBgn0031097	503	163.499219052104	459.25
FBgn0031106	658	363.73550617523	818
FBgn0031228	797	478.569984076766	1124.75
FBgn0031208	903	1022.81097015461	1543.5
FBgn0031235	603	221.248080260215	617
FBgn0031134	564	59.1317066109124	316.25
FBgn0031164	717	380.852356648032	907.75
FBgn0031238	1128	1441.53354634197	1859.75
FBgn0031240	874	150.37675019388	921.5
FBgn0031267	699	535.347978355693	992
FBgn0031279	770	1102.01701155086	1328.25
FBgn0031298	977	1400.59125257575	1713.75
FBgn0031295	1159	988.997513004501	1795.5
FBgn0031302	661	363.747042369987	820.75
FBgn0031301	599	257.613646152469	657.75
FBgn0031323	749	49.8845575199894	513.25
FBgn0031332	799	97.8004770360227	705.5
FBgn0031333	750	68.9436419932989	557.75
FBgn0031335	788	88.4995811277343	668.25
FBgn0031299	829	1118.60257049546	1434.5
FBgn0031343	724	41.4017152765656	450
FBgn0031304	898	634.709719287988	1384.25
FBgn0031347	1158	962.856216417789	1786
FBgn0031372	1071	622.158815842308	1575.25
FBgn0031360	675	268.334253762542	749
FBgn0031377	1240	2484.73306761965	2045.75
FBgn0031407	799	90.1331738079891	693
FBgn0031390	1008	906.228204563589	1642.25
FBgn0031410	892	231.634458652101	1072
FBgn0031435	894	1156.50616157768	1561.25
FBgn0031426	673	278.505168717908	755.25
FBgn0031443	1202	1241.25511383691	1881.25
FBgn0031462	963	918.835461442738	1590
FBgn0031440	390	88.606007427412	260.5
FBgn0031450	761	438.790286419545	1033
FBgn0031489	622	170.465847866927	563
FBgn0031490	558	138.051526529966	458.5
FBgn0031464	621	472.162519893961	866.75
FBgn0031476	910	354.911617143752	1211.75
FBgn0031491	971	882.702754936143	1588
FBgn0031493	1378	3835.22096602086	2142
FBgn0031501	814	229.386307092952	928.5
FBgn0031526	1105	718.97487412677	1643.5
FBgn0031542	1194	1763.65053665185	1958
FBgn0031545	716	42.1100747789663	436.25
FBgn0031546	1204	1562.59879065605	1931.5
FBgn0031548	1291	2477.07921652908	2066.5
FBgn0031574	803	82.1116040735858	684
FBgn0031496	527	173.918121532962	493
FBgn0031604	1099	1149.70801653866	1779.5
FBgn0031585	802	85.1281811670134	691
FBgn0031620	757	81.3910507697281	599
FBgn0031611	1125	1251.4613420665	1826.5
FBgn0031649	928	884.10260337168	1534.5
FBgn0031637	296	99.0101632195556	233.5
FBgn0031682	406	324.783959821952	579.5
FBgn0031684	460	107.607624311867	343
FBgn0031571	694	719.331433207972	1075.25
FBgn0031626	844	125.387831280873	831
FBgn0031692	969	734.057096429773	1528.25
FBgn0031720	1029	680.627210719522	1568
FBgn0031722	1282	1794.74142571772	2003.25
FBgn0031723	696	31.146234968986	384
FBgn0031703	849	978.715410150278	1441.5
FBgn0031724	829	181.099512477474	884.5
FBgn0031690	275	70.0503573095163	165
FBgn0031728	841	129.08875532654	828.25
FBgn0031737	449	307.464490798837	595.75
FBgn0031751	759	90.1717003506395	623.25
FBgn0031756	511	236.082095034371	572.5
FBgn0031757	1218	1633.00280500844	1950.75
FBgn0031758	1185	2651.99577134714	2025.5
FBgn0031785	779	97.2897595807681	669.25
FBgn0031786	1138	886.635502954274	1745.25
FBgn0030837	8	0.0605150214592275	1
FBgn0031176	14	1.77147165330493	4
FBgn0031725	889	686.928288703384	1395.5
FBgn0031831	889	191.693198650179	1007.5
