gene	degree	betweenness	rank
FBgn0000003	163	33.2145000804498	154.5
FBgn0000182	532	10.548725099892	150
FBgn0001281	620	378.256441895027	641.75
FBgn0002862	545	15.8328670662249	221
FBgn0002868	199	43.4164176096075	190
FBgn0002869	243	63.9186318616462	231.25
FBgn0002865	534	8.50517762789732	143.5
FBgn0002962	537	308.099941407473	433.25
FBgn0031886	343	131.148480978757	315
FBgn0031878	544	18.1476469949069	224.5
FBgn0031979	157	18.8057356717372	105
FBgn0032039	563	45.5811172285782	367.75
FBgn0032061	541	12.6008169896504	191.5
FBgn0032065	576	43.1031221166976	403.75
FBgn0032057	148	15.6683845448313	91
FBgn0032072	588	73.090206517117	478
FBgn0032090	595	133.312874993179	553.25
FBgn0032163	411	219.165371614466	354.75
FBgn0032219	528	10.1264703782166	139
FBgn0000279	60	5.39138314033192	18.5
FBgn0032269	561	24.4277294101761	300.75
FBgn0032281	411	187.817131891569	346.75
FBgn0032312	560	40.9244919881395	346.5
FBgn0032360	529	6.47022680923412	118
FBgn0032370	610	154.294503823752	593.75
FBgn0032284	212	60.7906826932128	225
FBgn0032374	595	111.856292698079	535.75
FBgn0032385	599	116.852665230141	548.5
FBgn0032424	567	32.5121567737393	345
FBgn0032457	556	18.267485274827	263.25
FBgn0032464	596	85.3341361907611	514.25
FBgn0032471	571	48.5797892921879	401.5
FBgn0032483	517	340.130243790849	397.25
FBgn0032519	592	110.769853301245	527.25
FBgn0032520	555	25.938834011407	290.75
FBgn0032530	590	133.093165699176	542.75
FBgn0032553	599	172.66594451727	580.5
FBgn0032554	546	18.4390071506458	236
FBgn0032563	555	21.1817203180569	272.25
FBgn0032588	541	13.1457079877862	195.5
FBgn0032590	546	14.6977283777468	221.5
FBgn0032626	586	79.0824218684718	484
FBgn0032632	544	18.1337844640777	224
FBgn0032637	594	104.9621990078	523.5
FBgn0032648	514	283.618579290277	388
FBgn0032602	110	18.8899104647695	99
FBgn0032650	577	58.2282383461471	437
FBgn0032664	593	123.60331254502	539.25
FBgn0032869	542	10.7875663502154	183.75
FBgn0032733	398	196.390094800869	347
FBgn0032878	546	17.4968918756227	232
FBgn0032969	569	41.1746111091806	376.75
FBgn0032971	607	234.33855790219	611
FBgn0033056	552	30.4066387367405	293.75
FBgn0033063	427	162.307615599043	340.5
FBgn0033190	534	386.073921599811	432.5
FBgn0033248	547	18.1886651675289	241
FBgn0033279	538	9.06327649788486	156.25
FBgn0033285	564	27.6546067912627	322.5
FBgn0033286	558	24.14137606344	291
FBgn0033203	251	59.2607792937566	227.75
FBgn0033287	538	9.63993162591412	159.75
FBgn0033322	588	63.1692597985828	466.5
FBgn0033340	193	52.2973503399372	208.5
FBgn0033330	557	40.6365756607113	332.75
FBgn0033357	287	83.8550191022173	268.5
FBgn0033371	565	73.4990911355947	420
FBgn0033490	556	46.5635986684245	348.75
FBgn0033512	549	20.6469112902847	254.75
FBgn0033680	501	10.4262566012487	113
FBgn0033705	567	105.488295315381	461
FBgn0033706	543	26.0106691955755	251.75
FBgn0033794	521	14.9845520924627	155.75
FBgn0033834	216	33.4200990332277	164.5
FBgn0033724	162	40.7972796977298	172
FBgn0033860	601	116.181625328825	552.25
FBgn0033861	589	71.9361651246903	478.5
FBgn0033862	522	6.13009817648604	105.25
FBgn0033863	537	11.6623298900873	171.25
FBgn0033864	551	18.6780656251528	254
FBgn0033868	544	15.0164233283403	212.5
FBgn0033888	542	11.6256527225323	189.75
FBgn0033952	574	75.7089842437325	450.75
FBgn0033953	522	6.13915057449317	105.75
FBgn0033954	519	6.55308257374576	102.75
FBgn0033969	553	16.6320807668494	249.5
FBgn0034082	546	37.007370288172	295
FBgn0034104	591	81.9698198755524	499.75
FBgn0034105	559	23.3290939240983	291
FBgn0034122	551	20.6894430290023	259.5
FBgn0034127	584	73.9835721992803	474.25
FBgn0034129	571	66.7551817114127	430.5
FBgn0034132	540	10.0090491484686	169
FBgn0034133	561	122.381822970883	456.75
FBgn0034144	548	14.392253786799	228.75
FBgn0033936	82	11.2145228358192	60
FBgn0034173	537	25.1661275025929	225.25
FBgn0034205	466	58.4034501974162	252.75
FBgn0034245	195	41.481668293797	183.5
FBgn0034263	592	133.815601860555	547.25
FBgn0034330	112	6.83832593805748	35.5
FBgn0034459	561	24.9434593042869	303.25
FBgn0034461	599	113.211518227878	547
FBgn0034467	534	15.4744712667075	181
FBgn0034472	541	12.1518005519439	189.5
FBgn0034454	147	15.8301795339889	91
FBgn0034477	579	94.0021417820943	491.75
FBgn0034483	607	138.047080696535	582
FBgn0034505	537	30.4180595374321	240.25
FBgn0034560	577	65.7080228619932	446.5
FBgn0034614	332	129.817791566141	312.5
FBgn0034646	418	199.261420025503	350
FBgn0034601	531	10.9709008318735	151
FBgn0034745	493	254.42512539597	374.75
FBgn0034800	581	500.741177715188	581.75
FBgn0034816	581	49.1419629449356	431.25
FBgn0034824	536	14.0356782510634	179.75
FBgn0034826	569	51.4233609711374	403.25
FBgn0034827	554	36.3352214351407	317.5
FBgn0034835	532	15.9414350701679	179.75
FBgn0034840	540	14.1591547188657	194
FBgn0034841	575	58.0433768086475	429
FBgn0034842	570	44.1793523173378	390.25
FBgn0034844	521	4.655690309295	98.25
FBgn0034846	596	157.953353005974	566.25
FBgn0034882	529	7.74375022054213	125
FBgn0034907	540	9.62590892179724	167
FBgn0034928	434	258.082250212767	366
FBgn0034957	525	220.387831690023	394
FBgn0035005	538	11.5532467414944	172.75
FBgn0035007	610	139.235124875555	588.25
FBgn0035008	599	120.536137756995	551.5
FBgn0035031	342	136.250577811382	320
FBgn0035034	469	80.1727482266911	284.5
FBgn0035069	595	209.620242638494	578.75
FBgn0035161	599	103.983294335652	536.5
FBgn0035196	511	3.41284903073544	79.25
FBgn0035197	542	17.0302754148418	215
FBgn0035198	542	17.0302754148418	215
FBgn0035263	549	146.826091838492	444
FBgn0035273	630	268.225826258735	637.75
FBgn0035316	607	169.420372949619	593
FBgn0035380	523	37.3907898585668	235
FBgn0035455	575	85.3545299646511	470.5
FBgn0035567	546	23.9556894463785	256.5
FBgn0035568	594	84.7637363209923	508.5
FBgn0035581	622	331.976579849227	641
FBgn0035598	576	59.1397447463471	435.75
FBgn0035657	547	19.350394570387	246
FBgn0035709	558	27.875434009765	305
FBgn0035727	453	252.376311163682	366
FBgn0035776	556	49.6105127240472	357.75
FBgn0035782	575	87.8192163669365	471
FBgn0035496	97	10.7560734957031	57
FBgn0035786	598	92.749879041001	525
FBgn0035800	611	224.010222454242	616.25
FBgn0035823	522	7.8733803755535	116.25
FBgn0035915	536	10.081668084841	156.25
FBgn0035918	105	3.79040750860635	20
FBgn0035924	567	34.8000524748752	352.5
FBgn0035952	510	310.95854920932	389.75
FBgn0035971	576	43.1031221166976	403.75
FBgn0035988	545	12.6018848708484	206.5
FBgn0036014	594	88.3223010280267	511.5
FBgn0036085	358	46.8633696329022	218.75
FBgn0036125	559	41.0204101713429	343.5
FBgn0036160	545	16.8379703105149	224
FBgn0036161	552	21.5557016895974	266.25
FBgn0036162	588	144.553049041589	546
FBgn0036168	180	35.2619803833412	164
FBgn0036214	571	105.369125473424	473.5
FBgn0036217	544	24.66981200631	248.5
FBgn0036221	545	47.4538994150029	317
FBgn0036222	590	121.665551317891	532.25
FBgn0036246	603	149.407369115815	580.75
FBgn0036311	518	5.97377293359654	95.75
FBgn0036325	577	119.404545680032	503.5
FBgn0036328	563	29.3768062394945	322.25
FBgn0036329	594	85.2647938063717	509.5
FBgn0036346	621	193.183954271208	615.5
FBgn0036426	594	99.9518388789285	520.5
FBgn0036438	535	8.05979177502828	140.25
FBgn0036441	587	80.3943683896743	488.25
FBgn0036482	597	119.65192188738	542.75
FBgn0036490	620	213.323824184403	618.25
FBgn0036497	603	124.971664659326	565.75
FBgn0036667	241	82.4518600801741	258.5
FBgn0036706	552	38.6830076276853	316.25
FBgn0036751	621	321.881024167968	639.5
FBgn0036784	570	37.2806952748999	369.25
FBgn0036785	552	24.0314227317849	275.25
FBgn0036895	537	11.6286348730607	170.75
FBgn0036877	455	217.348198646788	359.25
FBgn0036905	501	3.77046464663983	76.75
FBgn0036925	612	382.986920611828	639
FBgn0036941	526	46.1898360031674	261.25
FBgn0037037	546	22.5171564832119	252
FBgn0037040	533	32.5268515800366	236.75
FBgn0037101	568	37.2726070042387	362.75
FBgn0037147	534	11.1590679642403	159.5
FBgn0037170	601	107.096156244096	543.75
FBgn0037172	548	26.7002961764663	276.75
FBgn0037122	134	23.622908968098	118.5
FBgn0037195	588	79.2806020821697	489
FBgn0037320	440	46.1303450567011	224.75
FBgn0037388	560	31.1540736466305	317
FBgn0037398	366	32.1826036281359	178.5
FBgn0037454	520	6.07753876547079	100.5
FBgn0037222	187	37.1027913004811	168.5
FBgn0037455	569	93.7937779991913	460.25
FBgn0037462	517	233.715411463849	380.75
FBgn0037463	518	6.78707827850009	101.75
FBgn0037464	598	187.431809106017	580.5
FBgn0037486	579	70.3648178900023	459.75
FBgn0037502	605	152.359222179087	584.25
FBgn0037506	521	8.28632114216628	118.25
FBgn0037759	544	27.5112428886503	259.5
FBgn0037826	598	109.107457837581	538
FBgn0037828	601	111.833473827937	550.25
FBgn0037829	572	67.9013723850031	435
FBgn0037860	552	23.9360221850507	274.25
FBgn0037862	568	32.5454521550686	350.25
FBgn0037915	598	144.415545915738	565.5
FBgn0037962	393	124.996643501462	317
FBgn0037970	528	356.330993682426	417
FBgn0037985	567	39.4749641910278	363
FBgn0037986	549	24.6762332038722	271
FBgn0037988	518	4.12105030313101	90.75
FBgn0037994	611	159.847148059485	598.25
FBgn0037995	528	7.25874376526813	120
FBgn0038000	579	72.3644739806514	461.25
FBgn0038078	582	294.457102271363	573.5
FBgn0038123	625	247.914384391514	631
FBgn0038163	543	31.3898516274679	265.75
FBgn0038200	562	22.8459963014829	298.75
FBgn0038208	537	9.3667405370799	153.75
FBgn0038209	563	26.0234189757019	314.25
FBgn0038210	573	61.6020863205452	430.75
FBgn0038148	324	130.039214916082	310.5
FBgn0038225	540	14.5126841677106	195.5
FBgn0038258	607	239.50243948008	612.5
FBgn0038266	512	32.6621744920313	206
FBgn0038280	566	49.6978556299505	389.75
FBgn0038281	544	12.6604156986069	203
FBgn0038355	578	46.5722783051746	418
FBgn0038359	581	62.1254321946452	454.75
FBgn0038373	579	68.9833630509589	458.25
FBgn0038377	570	121.500789369696	485.25
FBgn0038423	565	27.0714181958093	325
FBgn0038448	493	310.023873453812	382.75
FBgn0038486	606	126.738379115731	571.25
FBgn0038539	562	33.755266223901	333.75
FBgn0038567	498	73.1309375868576	278
FBgn0038607	581	94.6799425603353	496.75
FBgn0038630	536	10.4858655767778	158.75
FBgn0038685	584	77.3328344795604	477.25
FBgn0038690	589	132.670011193272	540.5
FBgn0038694	533	11.2113456405278	158.25
FBgn0038697	567	54.7746289080583	401
FBgn0038706	540	10.7966362830854	175.5
FBgn0038708	547	14.6269153057235	227
FBgn0038709	539	10.0632456482111	165.25
FBgn0038909	631	411.028995523357	652.75
FBgn0038915	563	61.1007712836048	398.25
FBgn0038979	520	8.67518469022122	119.5
FBgn0039010	559	43.8801918030822	353.5
FBgn0039070	586	77.3841439777953	481
FBgn0039071	528	6.98666450706998	119
FBgn0039083	610	163.906201627988	597.75
FBgn0039088	589	65.3402861415165	470.5
FBgn0039028	50	2.72490577805751	8.25
FBgn0039104	546	15.0311003175575	223
FBgn0039190	536	7.94183547467024	142.25
FBgn0039145	172	32.8677279536811	155.5
FBgn0039192	538	11.8806868428189	175.75
FBgn0039218	246	74.954896673117	248
FBgn0039235	267	73.8367468195772	250.5
FBgn0039246	594	107.821502743949	527
FBgn0039366	575	40.6644601560407	389.5
FBgn0039367	575	40.6644601560407	389.5
FBgn0039368	609	154.791782948508	592.75
FBgn0039369	604	107.990825964939	551.25
FBgn0039373	526	7.86751065315811	120.75
FBgn0039374	524	31.6064184720193	219
FBgn0039395	560	41.3320916715217	348
FBgn0039398	506	2.51526862502602	73
FBgn0039425	541	33.8807512414333	268.5
FBgn0003187	565	29.8026747272947	330.5
FBgn0003889	545	18.650725492768	231.5
FBgn0004052	612	280.950075672445	627.5
FBgn0004171	560	22.3294758111916	290
FBgn0004172	602	128.579778351446	565.75
FBgn0004173	620	186.048703532926	611.75
FBgn0004174	603	125.709589215183	566.75
FBgn0004175	536	8.38630542176193	147.25
FBgn0004959	121	13.7065817779619	77.75
FBgn0039518	578	77.7296706350566	467.5
FBgn0039694	567	32.9529341185994	348.5
FBgn0039687	273	73.5471881834245	249.5
FBgn0039707	554	18.5283353474357	261
FBgn0039792	562	25.3708539176638	307.75
FBgn0039769	141	25.9304869284412	128
FBgn0039797	601	96.5494751657257	537.75
FBgn0039810	614	231.766920297898	620
FBgn0040007	259	80.4168640561067	259.5
FBgn0040104	154	41.5233923463599	176
FBgn0040371	520	6.39155887076996	103
FBgn0040508	541	40.7319828581326	284
FBgn0040510	542	17.9954522956436	217.25
FBgn0040345	245	83.4421140070378	261.5
FBgn0040519	548	31.1885079298737	287.25
FBgn0040575	258	68.3969291404869	240
FBgn0040651	586	205.148147336015	560
FBgn0040733	121	8.48956003945701	48.25
FBgn0040688	325	81.6053536396707	268.5
FBgn0040747	486	9.42031325583737	102
FBgn0040763	485	234.706664357938	368.5
FBgn0040859	602	124.061084564773	562
FBgn0040734	72	5.85006597328026	21
FBgn0040904	598	92.4978288477211	524
FBgn0040963	531	7.1971440772758	125
FBgn0040907	311	122.812315322993	302.25
FBgn0040989	561	29.9596494175757	317.75
FBgn0040996	581	51.3553600600852	437.75
FBgn0041102	520	6.40069559045878	103.5
FBgn0042198	630	251.041782463617	634.25
FBgn0045770	547	25.2476972727196	267.5
FBgn0045827	577	67.4868468431477	448.75
FBgn0046294	541	12.7545592634719	193
FBgn0046297	575	50.8781709907949	419
FBgn0046332	559	21.1556869521657	281.5
FBgn0046689	351	124.800039316826	311.5
FBgn0046793	569	64.2985798582052	421.25
FBgn0046873	557	36.2922674491977	323.75
FBgn0047338	373	7.62253380375186	76.5
FBgn0047351	577	49.3795462457941	421.5
FBgn0050039	592	93.263160984192	513.25
FBgn0050054	75	3.49026916055571	13
FBgn0050278	554	21.5100193125938	271
FBgn0050325	599	366.998161410733	613.5
FBgn0050362	585	65.8288548328181	462.25
FBgn0050363	508	81.5577624723737	296.5
FBgn0050364	586	76.3061626091817	479.75
FBgn0050365	586	76.3061626091817	479.75
FBgn0050366	508	81.5577624723737	296.5
FBgn0050369	540	11.6775358940811	182.5
FBgn0050376	544	22.3305540021431	241
FBgn0050378	522	5.28618035394953	101.25
FBgn0050393	380	40.8180519476392	203.5
FBgn0050412	523	5.00856257431081	102.5
FBgn0050430	586	60.476250722743	458.5
FBgn0050432	608	249.586065349973	616.25
FBgn0050461	354	109.928583989673	299
FBgn0050462	354	109.928583989673	299
FBgn0050485	278	90.4730069493966	273
FBgn0050487	598	122.832097926368	550
FBgn0051007	513	6.38113899145054	93.25
FBgn0051010	560	24.8793392241657	299.5
FBgn0051029	546	20.717895609987	244.5
FBgn0051099	421	19.4428424357892	142.5
FBgn0051139	600	115.172578043413	550.25
FBgn0051141	532	8.30468891577149	136.75
FBgn0051204	598	132.033307724473	557
FBgn0051226	572	49.6610430160919	409
FBgn0051231	546	41.3359796340957	309
FBgn0051281	585	107.800766045014	508.75
FBgn0051294	597	94.2086235331212	524.25
FBgn0051327	545	13.8031778303255	212
FBgn0051358	480	69.9973674110552	270
FBgn0051391	515	198.401684625775	371.5
FBgn0051482	554	19.4825278873018	265
FBgn0051533	535	8.10311945910039	141.75
FBgn0051538	528	10.3610081497617	140
FBgn0051542	531	7.35114804431524	126.75
FBgn0051546	535	12.5360801401676	170.25
FBgn0051624	535	9.49356928899734	150.25
FBgn0051639	578	60.3932580139702	444
FBgn0051644	521	12.5281468819561	144.75
FBgn0051682	569	83.4255901445019	449.75
FBgn0051693	580	49.0393804694617	428.75
FBgn0051730	588	69.8568481068937	474
FBgn0051735	551	22.44074892476	267.5
FBgn0051740	546	12.9604961282009	214.5
FBgn0051784	542	20.7400755904222	228.75
FBgn0051787	557	91.6961085267237	418.75
FBgn0051788	591	117.12343405737	529.75
FBgn0051797	593	286.905620048884	589.75
FBgn0051802	483	39.2370426046635	211
FBgn0051816	592	179.511961792758	566.75
FBgn0051820	561	22.8522138530749	296.25
FBgn0051084	94	3.99223116241709	20
FBgn0051835	518	4.35815930432315	91.25
FBgn0051851	570	219.152343100448	525.75
FBgn0051858	540	15.0683652321949	199
FBgn0051870	538	9.43388108320548	157.75
FBgn0051882	607	132.364301910706	577
FBgn0051921	570	40.9096416380025	378.25
FBgn0051948	602	103.682772424107	542.5
FBgn0051949	558	40.9181880256715	340
FBgn0051988	526	5.47636821396176	107.25
FBgn0052026	546	43.6707776470025	316.5
FBgn0052061	547	13.0483528248157	221.5
FBgn0052064	569	50.5087564517762	400.25
FBgn0052119	547	31.1180617393523	283
FBgn0052141	539	13.0349080287988	185.75
FBgn0052192	565	49.217995915174	384
FBgn0052240	583	101.393800615328	501.75
FBgn0052298	562	41.9247501170483	357.5
FBgn0052299	562	41.9247501170483	357.5
FBgn0052351	539	13.7337113268274	187.75
FBgn0052371	540	23.0984117808527	229
FBgn0052396	574	66.2475752120124	437.25
FBgn0052436	550	15.9258947805211	241.75
FBgn0052437	580	90.0840824578851	487.75
FBgn0052440	624	292.924286445281	638.25
FBgn0052445	526	9.86348754580039	133.75
FBgn0052450	557	21.7136167937001	279.25
FBgn0052487	565	60.9113747562521	405
FBgn0052488	575	48.3833533086871	411.5
FBgn0052548	539	9.90008436944372	164.25
FBgn0052551	426	136.033931041345	329
FBgn0052591	573	68.5581152445671	438.25
FBgn0052602	570	314.966106674278	542.75
FBgn0052643	625	276.920328990161	636
FBgn0052651	538	27.7892519225833	238.25
FBgn0052652	544	21.5254505475649	237.5
FBgn0052655	532	9.43955341407597	142.75
FBgn0052657	608	211.577103736221	607.75
FBgn0052720	588	72.6248263806527	477
FBgn0053017	541	12.1907428373543	190
FBgn0053125	597	92.3105411328061	520.25
FBgn0053140	489	43.7184902891917	229.5
FBgn0053218	604	288.036525465914	616.25
FBgn0053284	576	54.8047319273614	428.75
FBgn0053286	541	54.5887652199584	317
FBgn0053287	553	90.1453837265856	407.5
FBgn0053293	554	77.9140449552232	396
FBgn0053309	466	59.0947203196112	253.25
FBgn0053322	572	73.8013262578804	444
FBgn0053340	564	26.8428661270512	320
FBgn0053490	579	157.806058191368	535.25
FBgn0053704	523	12.1106371602009	147
FBgn0054021	569	85.2513915595327	451.75
FBgn0054049	548	20.7028542293809	253.25
FBgn0061197	560	24.7780859679488	299
FBgn0063261	567	31.3294542280486	341
FBgn0064119	546	21.8040524463327	249.75
FBgn0066084	329	124.40646612919	307.75
FBgn0065055	22	1.00792530337312	2
FBgn0067317	225	49.5126388699568	207
FBgn0064912	553	16.9216999102766	251.5
FBgn0067903	133	25.4856179426388	125
FBgn0083970	151	43.5498708947551	181
FBgn0083946	581	101.210350661419	498.75
FBgn0085190	594	95.4151087452348	519.5
FBgn0083983	90	8.82940250709646	44.5
FBgn0085201	198	34.3848461239571	164
FBgn0085229	190	35.1139270226602	164
FBgn0085234	168	27.0042457621004	138
FBgn0085199	546	20.1794819096088	241.5
FBgn0085237	313	106.951783279074	288
FBgn0085239	576	48.0612629441876	414.75
FBgn0085279	347	146.753705666262	325.5
FBgn0085306	531	7.35114804431524	126.75
FBgn0085320	91	3.06625268867733	14.5
FBgn0085337	578	82.8972724787778	477
FBgn0085452	456	254.321393568168	368
FBgn0085454	557	36.4566800734216	324.75
FBgn0085486	573	43.0976963999798	393.75
FBgn0085692	575	40.6644601560407	389.5
FBgn0086915	546	12.7720736082042	214
FBgn0086916	544	175.89965558291	432.5
FBgn0250826	603	142.993472195534	578.25
FBgn0250827	534	56.1754228714126	296.5
FBgn0250834	565	29.5744120762483	330
FBgn0250845	553	18.5225480677695	257.5
FBgn0250849	567	47.953160537576	386.75
FBgn0259184	440	176.092665989744	348.25
FBgn0259739	560	21.7836876367428	288.5
FBgn0259795	563	33.8237357812775	337.25
FBgn0260230	518	26.6070330647801	194
FBgn0260231	518	26.6070330647801	194
FBgn0260434	501	3.77046464663983	76.75
FBgn0260466	546	21.8040524463327	249.75
FBgn0260480	564	28.0296618196332	324
FBgn0260758	554	32.2660064596172	306
FBgn0260761	571	80.7948216586106	452.25
FBgn0260762	571	80.7948216586106	452.25
FBgn0260776	597	175.958076659493	574.75
FBgn0260455	133	25.4856179426388	125
FBgn0261016	311	110.099083260082	292.25
FBgn0261401	207	53.0012305292882	211
FBgn0260953	507	2.35608052163851	73
FBgn0261529	468	59.4992762969696	256
FBgn0261531	542	12.0567132565062	192.75
FBgn0261536	598	92.749879041001	525
FBgn0261504	163	33.2145000804498	154.5
FBgn0261508	174	28.5388959875286	143.5
FBgn0261537	598	92.749879041001	525
FBgn0261686	627	244.018077139444	632
FBgn0261806	595	380.717276084502	604.25
FBgn0261816	567	40.6410835468626	365
FBgn0261858	571	49.4645419749942	404.5
FBgn0262100	612	156.051704803297	598
FBgn0262001	139	37.0218770610663	159
FBgn0262361	623	335.738018878081	642
FBgn0262487	43	0.980654279492552	3
FBgn0262566	612	177.689834014624	607
FBgn0262581	626	266.533608159508	636
FBgn0262791	518	8.07504367121015	109.5
FBgn0262795	587	75.9150850132081	481.25
FBgn0262574	85	1.85011150434104	9.5
FBgn0262838	67	0.390736442652889	4.5
FBgn0082997	32	1.74989341728273	4
FBgn0262858	358	159.741119842606	332.75
FBgn0262836	518	8.07504367121015	109.5
FBgn0262966	599	120.140665532403	551
FBgn0263032	539	10.9397059459188	172
FBgn0262880	275	91.6060799651017	273
FBgn0263033	539	10.9397059459188	172
FBgn0011244	557	21.1853669633273	277.25
FBgn0010314	329	106.870870592674	290.25
FBgn0011273	524	31.6064184720193	219
FBgn0013301	564	27.5350057853835	322
FBgn0013681	455	215.492600083114	358.75
FBgn0013697	384	172.435198732615	339
FBgn0010388	177	25.5725035239716	135
FBgn0263083	108	5.59680020007623	26.5
FBgn0263271	549	20.6469112902847	254.75
FBgn0263337	635	501.928073761076	654.75
FBgn0263387	567	47.953160537576	386.75
FBgn0263647	579	50.5808112979244	431.75
FBgn0013698	25	1.4206118492762	3
FBgn0264360	328	120.776701856292	303
FBgn0264364	577	67.4868468431477	448.75
FBgn0264393	618	351.43288932591	638.5
FBgn0264570	635	390.71667558939	653.25
FBgn0264696	235	55.142656109794	218
FBgn0264906	172	32.8677279536811	155.5
FBgn0264997	404	210.036628052287	350.5
FBgn0265053	461	259.208565509043	370
FBgn0265263	578	50.676219155444	429
FBgn0265271	575	47.9177176106612	409.5
FBgn0265342	631	370.696194312589	649.75
FBgn0265362	274	103.612600395921	281
FBgn0265648	608	190.158757601279	603.25
FBgn0265649	621	283.818840910577	634
FBgn0266360	251	57.1489077149698	223.25
FBgn0266459	532	10.548725099892	150
FBgn0266798	620	213.566649853109	618.75
FBgn0267126	336	132.745645444279	316
FBgn0267326	625	238.349658109409	629.5
FBgn0267363	606	170.900382967683	591.75
FBgn0267366	567	59.1304507938714	408
FBgn0267383	510	48.9872383235897	246.25
FBgn0267411	543	13.7829616156461	204.25
FBgn0267412	543	14.4547601454952	206.75
FBgn0267417	571	57.4821904391915	418
FBgn0267418	588	78.4997836315175	487.5
FBgn0267419	552	22.6453713024618	270.75
FBgn0267420	564	53.5245374169915	388.5
FBgn0267423	578	81.9244641111448	475.5
FBgn0267491	541	20.203397282271	221.5
FBgn0267492	548	31.7764364496922	290.25
FBgn0267721	547	16.8017595723877	235.5
FBgn0267726	548	17.7107385246201	241.75
FBgn0267727	549	18.9134341075261	251.5
FBgn0267520	81	3.74149215510857	14.5
FBgn0270925	534	11.1049758909559	159
FBgn0283476	563	298.618143589631	517.25
FBgn0014179	600	108.749317556814	544.75
FBgn0015008	609	172.034073068865	598.25
FBgn0015770	602	128.579778351446	565.75
FBgn0017456	293	42.2302042249124	199.5
FBgn0019828	530	7.49425832701959	125.5
FBgn0016726	316	108.457007630779	291
FBgn0020280	574	72.6500023461632	445.25
FBgn0020399	583	77.9039778815944	477.75
FBgn0025573	624	291.886524723359	637.75
FBgn0025821	606	149.946402277667	585.25
FBgn0022224	104	5.88287584553651	26
FBgn0026141	577	79.3742280918096	467.5
FBgn0028513	565	56.2107930112295	397.5
FBgn0028531	559	26.3305087140477	302
FBgn0028560	527	6.73647438860006	116
FBgn0028567	516	3.52576126832742	83.5
FBgn0028838	573	38.7817158704372	379.25
FBgn0028848	513	2.83032098646129	79.75
FBgn0028857	561	58.1053613839158	386.25
FBgn0028870	557	53.3753471824895	366.75
FBgn0026741	253	68.7739883147152	240
FBgn0028892	567	39.1203231441281	362
FBgn0028893	608	141.793162171128	585.75
FBgn0028901	572	43.5570375171456	394.5
FBgn0028902	536	8.46136016938027	147.75
FBgn0028903	574	56.1839266506156	423.75
FBgn0028935	572	41.5721262630486	389
FBgn0028941	610	142.644577567016	589.25
FBgn0029084	605	138.675766687588	578.75
FBgn0029501	553	36.5273651000031	315.5
FBgn0029552	612	170.277539794274	602
FBgn0029658	546	15.6000384979377	225.5
FBgn0029659	519	3.91061291484982	92.25
FBgn0029702	534	10.5970835266508	155
FBgn0029725	602	201.749040068345	595
FBgn0029730	591	135.491863600752	546.25
FBgn0029750	550	46.6085163257258	336.25
FBgn0029752	556	30.5486634722564	304.25
FBgn0029946	531	71.1444573791894	309.5
FBgn0029836	256	61.8903389691221	233
FBgn0029949	550	15.4645994649876	238.75
FBgn0029951	564	41.9042165212333	363
FBgn0029952	599	118.121205825231	549.5
FBgn0029993	499	111.557007593932	321
FBgn0030191	503	3.849309606345	79
FBgn0030224	554	35.3537465938291	316.5
FBgn0030108	208	45.7498782978395	195.5
FBgn0030277	539	10.2248666447045	166.75
FBgn0030278	559	39.5199514622717	337
FBgn0030280	550	54.749202924663	352.25
FBgn0030283	475	6.22108254621853	80.5
FBgn0030356	540	16.7728408034099	204
FBgn0030370	559	40.1675073871717	337.5
FBgn0030376	520	6.68004113261064	105
FBgn0030384	616	174.455454556406	607
FBgn0014865	50	2.02781057418378	6.25
FBgn0030814	565	54.1279460535775	393
FBgn0030829	431	78.7030951876362	276.5
FBgn0030951	566	31.542113772786	338.25
FBgn0031085	565	35.2427247378265	347.5
FBgn0031129	511	2.7721047275411	77.75
FBgn0031134	562	23.2787143834183	300.25
FBgn0031295	578	51.0794106322607	430
FBgn0031323	546	17.9746435874373	233
FBgn0031332	576	43.1031221166976	403.75
FBgn0031347	557	28.6765402216361	303.75
FBgn0031351	243	73.8250759477142	245.25
FBgn0031372	599	111.441646245317	545
FBgn0031410	591	134.381026386806	545.75
FBgn0031443	586	73.5282919784586	475
FBgn0031462	606	174.274847579788	593.75
FBgn0031526	569	55.0137043319476	408.25
FBgn0031545	532	7.34578937485454	128.75
FBgn0031574	530	8.21268625814861	130.5
FBgn0031585	542	11.0706651139478	186.25
FBgn0031558	106	8.25387463707783	43
FBgn0031626	530	11.1836846367004	151
FBgn0031722	567	44.5249725801462	381
FBgn0031723	529	8.33617196433982	131
FBgn0031724	539	11.8424624237545	178.75
FBgn0031728	564	32.5317732710003	335.5
FBgn0031751	545	15.0560681131922	217.5
FBgn0031678	164	38.9997290412672	167.75
FBgn0031690	164	35.0635103383132	159.25
FBgn0031826	495	2.69443229611579	70
